#NSTP            DELTAT         TIME    POT. FLUX    ACT. FLUX    OVL. FLUX    RET. FLUX    SEEP FLUX    REC. FLUX     REC.VOL.
         1  1.00000E-02  1.00000E-02  0.00000E+00 -9.18446E-05  9.18446E-05  9.18446E-05  0.00000E+00  6.48851E-05  6.48851E-09
         2  5.00000E-03  1.50000E-02  0.00000E+00 -9.73641E-05  1.00238E-04  1.05139E-04  0.00000E+00  8.32745E-05  1.06522E-08
         3  5.50000E-03  2.05000E-02  0.00000E+00 -1.11090E-04  1.13554E-04  1.16227E-04  0.00000E+00  9.83906E-05  1.60637E-08
         4  6.05000E-03  2.65500E-02  0.00000E+00 -1.20087E-04  1.22115E-04  1.26327E-04  0.00000E+00  1.11966E-04  2.28377E-08
         5  6.05000E-03  3.26000E-02  0.00000E+00 -1.29234E-04  1.31055E-04  1.34757E-04  0.00000E+00  1.23600E-04  3.03155E-08
         6  6.05000E-03  3.86500E-02  0.00000E+00 -1.35823E-04  1.38055E-04  1.42150E-04  0.00000E+00  1.33908E-04  3.84169E-08
         7  6.05000E-03  4.47000E-02  0.00000E+00 -1.44927E-04  1.46758E-04  1.48996E-04  0.00000E+00  1.43311E-04  4.70873E-08
         8  3.02500E-03  4.77250E-02  0.00000E+00 -1.41544E-04  1.49566E-04  1.52233E-04  0.00000E+00  1.47754E-04  5.15568E-08
         9  3.32750E-03  5.10525E-02  0.00000E+00 -1.47072E-04  1.52429E-04  1.55569E-04  0.00000E+00  1.52454E-04  5.66297E-08
        10  3.66025E-03  5.47128E-02  0.00000E+00 -1.52259E-04  1.55696E-04  1.59034E-04  0.00000E+00  1.57354E-04  6.23893E-08
        11  3.66025E-03  5.83730E-02  0.00000E+00 -1.55720E-04  1.58451E-04  1.62302E-04  0.00000E+00  1.62066E-04  6.83213E-08
        12  4.02628E-03  6.23993E-02  0.00000E+00 -1.59624E-04  1.61451E-04  1.65733E-04  0.00000E+00  1.67002E-04  7.50453E-08
        13  4.02628E-03  6.64256E-02  0.00000E+00 -1.62676E-04  1.64265E-04  1.69036E-04  0.00000E+00  1.71736E-04  8.19598E-08
        14  4.02628E-03  7.04518E-02  0.00000E+00 -1.65770E-04  1.67168E-04  1.72205E-04  0.00000E+00  1.76274E-04  8.90571E-08
        15  4.02628E-03  7.44781E-02  0.00000E+00 -1.69580E-04  1.70954E-04  1.75229E-04  0.00000E+00  1.80591E-04  9.63282E-08
        16  4.02628E-03  7.85044E-02  0.00000E+00 -1.71836E-04  1.73724E-04  1.78142E-04  0.00000E+00  1.84757E-04  1.03767E-07
        17  4.02628E-03  8.25306E-02  0.00000E+00 -1.74976E-04  1.76561E-04  1.80946E-04  0.00000E+00  1.88787E-04  1.11368E-07
        18  4.02628E-03  8.65569E-02  0.00000E+00 -1.77505E-04  1.78938E-04  1.83663E-04  0.00000E+00  1.92682E-04  1.19126E-07
        19  4.02628E-03  9.05832E-02  0.00000E+00 -1.80356E-04  1.81419E-04  1.86315E-04  0.00000E+00  1.96444E-04  1.27035E-07
        20  4.02628E-03  9.46095E-02  0.00000E+00 -1.82897E-04  1.83885E-04  1.88882E-04  0.00000E+00  2.00078E-04  1.35091E-07
        21  4.02628E-03  9.86357E-02  0.00000E+00 -1.84802E-04  1.85868E-04  1.91361E-04  0.00000E+00  2.03620E-04  1.43289E-07
        22  4.42890E-03  1.03065E-01  0.00000E+00 -1.87487E-04  1.88318E-04  1.93992E-04  0.00000E+00  2.07366E-04  1.52473E-07
        23  4.42890E-03  1.07494E-01  0.00000E+00 -1.90325E-04  1.91310E-04  1.96535E-04  0.00000E+00  2.10990E-04  1.61818E-07
        24  4.42890E-03  1.11922E-01  0.00000E+00 -1.92289E-04  1.93896E-04  1.99008E-04  0.00000E+00  2.14453E-04  1.71316E-07
        25  4.42890E-03  1.16351E-01  0.00000E+00 -1.94459E-04  1.96228E-04  2.01402E-04  0.00000E+00  2.17824E-04  1.80963E-07
        26  4.42890E-03  1.20780E-01  0.00000E+00 -1.96787E-04  1.98531E-04  2.03732E-04  0.00000E+00  2.21084E-04  1.90755E-07
        27  4.42890E-03  1.25209E-01  0.00000E+00 -1.99088E-04  2.00754E-04  2.05981E-04  0.00000E+00  2.24235E-04  2.00686E-07
        28  4.42890E-03  1.29638E-01  0.00000E+00 -2.01442E-04  2.02993E-04  2.08161E-04  0.00000E+00  2.27290E-04  2.10752E-07
        29  4.42890E-03  1.34067E-01  0.00000E+00 -2.03719E-04  2.05147E-04  2.10273E-04  0.00000E+00  2.30233E-04  2.20949E-07
        30  4.42890E-03  1.38496E-01  0.00000E+00 -2.05847E-04  2.07207E-04  2.12323E-04  0.00000E+00  2.33084E-04  2.31272E-07
        31  4.42890E-03  1.42925E-01  0.00000E+00 -2.07756E-04  2.09137E-04  2.14323E-04  0.00000E+00  2.35852E-04  2.41718E-07
        32  4.42890E-03  1.47354E-01  0.00000E+00 -2.09585E-04  2.11120E-04  2.16261E-04  0.00000E+00  2.38523E-04  2.52282E-07
        33  4.42890E-03  1.51783E-01  0.00000E+00 -2.11237E-04  2.12902E-04  2.18137E-04  0.00000E+00  2.41119E-04  2.62961E-07
        34  4.42890E-03  1.56211E-01  0.00000E+00 -2.13000E-04  2.14627E-04  2.19954E-04  0.00000E+00  2.43638E-04  2.73751E-07
        35  4.42890E-03  1.60640E-01  0.00000E+00 -2.14425E-04  2.16088E-04  2.21720E-04  0.00000E+00  2.46091E-04  2.84650E-07
        36  4.87179E-03  1.65512E-01  0.00000E+00 -2.17082E-04  2.18446E-04  2.23597E-04  0.00000E+00  2.48668E-04  2.96765E-07
        37  4.87179E-03  1.70384E-01  0.00000E+00 -2.18459E-04  2.20196E-04  2.25417E-04  0.00000E+00  2.51164E-04  3.09001E-07
        38  4.87179E-03  1.75256E-01  0.00000E+00 -2.20258E-04  2.20935E-04  2.27181E-04  0.00000E+00  2.53591E-04  3.21355E-07
        39  4.87179E-03  1.80128E-01  0.00000E+00 -2.22391E-04  2.23003E-04  2.28889E-04  0.00000E+00  2.55934E-04  3.33824E-07
        40  5.35897E-03  1.85487E-01  0.00000E+00 -2.24751E-04  2.25136E-04  2.30698E-04  0.00000E+00  2.58391E-04  3.47671E-07
        41  5.35897E-03  1.90846E-01  0.00000E+00 -2.25947E-04  2.26627E-04  2.32438E-04  0.00000E+00  2.60770E-04  3.61646E-07
        42  5.89487E-03  1.96740E-01  0.00000E+00 -2.28155E-04  2.28652E-04  2.34277E-04  0.00000E+00  2.63270E-04  3.77165E-07
        43  5.89487E-03  2.02635E-01  0.00000E+00 -2.29610E-04  2.30386E-04  2.36061E-04  0.00000E+00  2.65667E-04  3.92826E-07
        44  5.89487E-03  2.08530E-01  0.00000E+00 -2.31292E-04  2.32064E-04  2.37772E-04  0.00000E+00  2.67974E-04  4.08623E-07
        45  5.89487E-03  2.14425E-01  0.00000E+00 -2.34115E-04  2.34918E-04  2.39415E-04  0.00000E+00  2.70178E-04  4.24549E-07
        46  5.89487E-03  2.20320E-01  0.00000E+00 -2.34500E-04  2.36444E-04  2.40992E-04  0.00000E+00  2.72261E-04  4.40599E-07
        47  5.89487E-03  2.26215E-01  0.00000E+00 -2.36129E-04  2.37960E-04  2.42510E-04  0.00000E+00  2.74292E-04  4.56768E-07
        48  5.89487E-03  2.32110E-01  0.00000E+00 -2.37635E-04  2.39437E-04  2.43966E-04  0.00000E+00  2.76236E-04  4.73052E-07
        49  5.89487E-03  2.38004E-01  0.00000E+00 -2.39135E-04  2.40849E-04  2.45363E-04  0.00000E+00  2.78099E-04  4.89445E-07
        50  5.89487E-03  2.43899E-01  0.00000E+00 -2.40768E-04  2.42399E-04  2.46705E-04  0.00000E+00  2.79890E-04  5.05944E-07
        51  5.89487E-03  2.49794E-01  0.00000E+00 -2.41998E-04  2.43731E-04  2.47991E-04  0.00000E+00  2.81594E-04  5.22544E-07
        52  5.89487E-03  2.55689E-01  0.00000E+00 -2.43176E-04  2.44823E-04  2.49225E-04  0.00000E+00  2.83245E-04  5.39241E-07
        53  6.48436E-03  2.62173E-01  0.00000E+00 -2.45338E-04  2.46648E-04  2.50520E-04  0.00000E+00  2.84965E-04  5.57719E-07
        54  6.48436E-03  2.68658E-01  0.00000E+00 -2.46616E-04  2.47984E-04  2.51762E-04  0.00000E+00  2.86590E-04  5.76302E-07
        55  6.48436E-03  2.75142E-01  0.00000E+00 -2.47756E-04  2.49058E-04  2.52962E-04  0.00000E+00  2.88164E-04  5.94988E-07
        56  7.13279E-03  2.82275E-01  0.00000E+00 -2.49386E-04  2.50360E-04  2.54206E-04  0.00000E+00  2.89800E-04  6.15659E-07
        57  7.13279E-03  2.89408E-01  0.00000E+00 -2.50819E-04  2.51782E-04  2.55389E-04  0.00000E+00  2.91346E-04  6.36440E-07
        58  7.13279E-03  2.96541E-01  0.00000E+00 -2.51710E-04  2.52797E-04  2.56513E-04  0.00000E+00  2.92831E-04  6.57327E-07
        59  7.84607E-03  3.04387E-01  0.00000E+00 -2.53180E-04  2.54011E-04  2.57681E-04  0.00000E+00  2.94371E-04  6.80424E-07
        60  7.84607E-03  3.12233E-01  0.00000E+00 -2.54330E-04  2.55177E-04  2.58787E-04  0.00000E+00  2.95827E-04  7.03634E-07
        61  7.84607E-03  3.20079E-01  0.00000E+00 -2.55240E-04  2.56124E-04  2.59832E-04  0.00000E+00  2.97215E-04  7.26954E-07
        62  8.63068E-03  3.28709E-01  0.00000E+00 -2.56569E-04  2.57280E-04  2.60912E-04  0.00000E+00  2.98636E-04  7.52728E-07
        63  8.63068E-03  3.37340E-01  0.00000E+00 -2.57424E-04  2.58202E-04  2.61929E-04  0.00000E+00  2.99986E-04  7.78619E-07
        64  9.49375E-03  3.46834E-01  0.00000E+00 -2.59070E-04  2.59746E-04  2.62973E-04  0.00000E+00  3.01351E-04  8.07229E-07
        65  9.49375E-03  3.56328E-01  0.00000E+00 -2.59672E-04  2.60831E-04  2.63950E-04  0.00000E+00  3.02630E-04  8.35960E-07
        66  9.49375E-03  3.65821E-01  0.00000E+00 -2.60805E-04  2.61672E-04  2.64864E-04  0.00000E+00  3.03831E-04  8.64805E-07
        67  9.49375E-03  3.75315E-01  0.00000E+00 -2.61566E-04  2.62592E-04  2.65717E-04  0.00000E+00  3.04946E-04  8.93755E-07
        68  1.04431E-02  3.85758E-01  0.00000E+00 -2.62729E-04  2.63558E-04  2.66588E-04  0.00000E+00  3.06077E-04  9.25719E-07
        69  1.04431E-02  3.96201E-01  0.00000E+00 -2.63429E-04  2.64302E-04  2.67398E-04  0.00000E+00  3.07138E-04  9.57794E-07
        70  1.14874E-02  4.07689E-01  0.00000E+00 -2.64355E-04  2.65054E-04  2.68218E-04  0.00000E+00  3.08211E-04  9.93200E-07
        71  1.26362E-02  4.20325E-01  0.00000E+00 -2.65257E-04  2.65806E-04  2.69042E-04  0.00000E+00  3.09284E-04  1.03228E-06
        72  1.38998E-02  4.34225E-01  0.00000E+00 -2.66656E-04  2.67088E-04  2.69861E-04  0.00000E+00  3.10319E-04  1.07542E-06
        73  1.38998E-02  4.48124E-01  0.00000E+00 -2.66961E-04  2.67772E-04  2.70603E-04  0.00000E+00  3.11269E-04  1.11868E-06
        74  1.52898E-02  4.63414E-01  0.00000E+00 -2.67799E-04  2.68442E-04  2.71333E-04  0.00000E+00  3.12205E-04  1.16642E-06
        75  1.68187E-02  4.80233E-01  0.00000E+00 -2.68588E-04  2.69092E-04  2.72046E-04  0.00000E+00  3.13107E-04  1.21908E-06
        76  1.85006E-02  4.98734E-01  0.00000E+00 -2.69453E-04  2.69862E-04  2.72733E-04  0.00000E+00  3.13949E-04  1.27716E-06
        77  1.85006E-02  5.17234E-01  0.00000E+00 -2.69889E-04  2.70405E-04  2.73334E-04  0.00000E+00  3.14693E-04  1.33538E-06
        78  2.03507E-02  5.37585E-01  0.00000E+00 -2.70483E-04  2.70914E-04  2.73903E-04  0.00000E+00  3.15384E-04  1.39956E-06
        79  2.23858E-02  5.59971E-01  0.00000E+00 -2.71897E-04  2.72255E-04  2.74432E-04  0.00000E+00  3.15973E-04  1.47030E-06
        80  2.23858E-02  5.82356E-01  0.00000E+00 -2.71700E-04  2.72789E-04  2.74882E-04  0.00000E+00  3.16445E-04  1.54113E-06
        81  2.23858E-02  6.04742E-01  0.00000E+00 -2.71973E-04  2.73127E-04  2.75269E-04  0.00000E+00  3.16625E-04  1.61201E-06
        82  2.46243E-02  6.29367E-01  0.00000E+00 -2.72560E-04  2.73566E-04  2.75621E-04  0.00000E+00  3.16741E-04  1.69001E-06
        83  2.46243E-02  6.53991E-01  0.00000E+00 -2.72726E-04  2.73813E-04  2.75912E-04  0.00000E+00  3.16846E-04  1.76803E-06
        84  2.70868E-02  6.81078E-01  0.00000E+00 -2.73078E-04  2.74025E-04  2.76171E-04  0.00000E+00  3.16901E-04  1.85387E-06
        85  2.97954E-02  7.10873E-01  0.00000E+00 -2.73499E-04  2.74325E-04  2.76393E-04  0.00000E+00  3.16887E-04  1.94829E-06
        86  2.97954E-02  7.40669E-01  0.00000E+00 -2.73546E-04  2.74455E-04  2.76567E-04  0.00000E+00  3.16856E-04  2.04269E-06
        87  3.27750E-02  7.73444E-01  0.00000E+00 -2.73756E-04  2.74552E-04  2.76710E-04  0.00000E+00  3.16766E-04  2.14651E-06
        88  3.60525E-02  8.09496E-01  0.00000E+00 -2.73916E-04  2.74615E-04  2.76822E-04  0.00000E+00  3.16621E-04  2.26066E-06
        89  3.96577E-02  8.49154E-01  0.00000E+00 -2.74029E-04  2.74644E-04  2.76902E-04  0.00000E+00  3.16626E-04  2.38623E-06
        90  4.36235E-02  8.92777E-01  0.00000E+00 -2.74097E-04  2.74640E-04  2.76951E-04  0.00000E+00  3.16001E-04  2.52408E-06
        91  4.79859E-02  9.40763E-01  0.00000E+00 -2.74123E-04  2.74604E-04  2.76971E-04  0.00000E+00  3.15526E-04  2.67549E-06
        92  5.27844E-02  9.93548E-01  0.00000E+00 -2.74231E-04  2.74669E-04  2.76962E-04  0.00000E+00  3.14712E-04  2.84161E-06
        93  5.27844E-02  1.04633E+00  0.00000E+00 -2.74028E-04  2.74588E-04  2.76936E-04  0.00000E+00  3.13687E-04  3.00719E-06
        94  5.80629E-02  1.10439E+00  0.00000E+00 -2.74093E-04  2.74598E-04  2.76887E-04  0.00000E+00  3.12343E-04  3.18854E-06
        95  5.80629E-02  1.16246E+00  0.00000E+00 -2.73884E-04  2.74488E-04  2.76831E-04  0.00000E+00  3.10152E-04  3.36862E-06
        96  6.38692E-02  1.22633E+00  0.00000E+00 -2.73956E-04  2.74495E-04  2.76757E-04  0.00000E+00  3.07008E-04  3.56471E-06
        97  6.38692E-02  1.29020E+00  0.00000E+00 -2.73703E-04  2.74367E-04  2.76681E-04  0.00000E+00  3.04050E-04  3.75890E-06
        98  7.02561E-02  1.36045E+00  0.00000E+00 -2.73628E-04  2.74224E-04  2.76595E-04  0.00000E+00  3.02200E-04  3.97122E-06
        99  7.72817E-02  1.43773E+00  0.00000E+00 -2.73738E-04  2.74281E-04  2.76494E-04  0.00000E+00  2.99030E-04  4.20231E-06
       100  7.72817E-02  1.51502E+00  0.00000E+00 -2.73369E-04  2.74130E-04  2.76399E-04  0.00000E+00  2.96750E-04  4.43165E-06
       101  8.50099E-02  1.60003E+00  0.00000E+00 -2.73576E-04  2.74264E-04  2.76292E-04  0.00000E+00  2.94977E-04  4.68240E-06
       102  8.50099E-02  1.68504E+00  0.00000E+00 -2.73128E-04  2.74109E-04  2.76193E-04  0.00000E+00  2.92418E-04  4.93099E-06
       103  9.35109E-02  1.77855E+00  0.00000E+00 -2.73169E-04  2.74051E-04  2.76082E-04  0.00000E+00  2.90708E-04  5.20283E-06
       104  9.35109E-02  1.87206E+00  0.00000E+00 -2.72906E-04  2.73890E-04  2.75977E-04  0.00000E+00  2.89863E-04  5.47389E-06
       105  1.02862E-01  1.97492E+00  0.00000E+00 -2.72828E-04  2.73715E-04  2.75864E-04  0.00000E+00  2.88271E-04  5.77041E-06
       106  1.13148E-01  2.08807E+00  0.00000E+00 -2.72719E-04  2.73526E-04  2.75744E-04  0.00000E+00  2.87410E-04  6.09561E-06
       107  1.24463E-01  2.21253E+00  0.00000E+00 -2.72586E-04  2.73322E-04  2.75618E-04  0.00000E+00  2.84037E-04  6.44913E-06
       108  1.36909E-01  2.34944E+00  0.00000E+00 -2.72723E-04  2.73396E-04  2.75474E-04  0.00000E+00  2.79546E-04  6.83185E-06
       109  1.36909E-01  2.48635E+00  0.00000E+00 -2.72237E-04  2.73192E-04  2.75343E-04  0.00000E+00  2.77289E-04  7.21149E-06
       110  1.50600E-01  2.63695E+00  0.00000E+00 -2.72106E-04  2.72972E-04  2.75203E-04  0.00000E+00  2.73527E-04  7.62342E-06
       111  1.65660E-01  2.80261E+00  0.00000E+00 -2.71952E-04  2.72736E-04  2.75054E-04  0.00000E+00  2.69994E-04  8.07069E-06
       112  1.82226E-01  2.98484E+00  0.00000E+00 -2.72224E-04  2.72941E-04  2.74885E-04  0.00000E+00  2.67379E-04  8.55793E-06
       113  1.82226E-01  3.16706E+00  0.00000E+00 -2.71618E-04  2.72711E-04  2.74731E-04  0.00000E+00  2.64051E-04  9.03910E-06
       114  2.00449E-01  3.36751E+00  0.00000E+00 -2.71670E-04  2.72645E-04  2.74558E-04  0.00000E+00  2.61994E-04  9.56426E-06
       115  2.00449E-01  3.56796E+00  0.00000E+00 -2.71264E-04  2.72408E-04  2.74398E-04  0.00000E+00  2.59391E-04  1.00842E-05
       116  2.20494E-01  3.78845E+00  0.00000E+00 -2.71125E-04  2.72153E-04  2.74227E-04  0.00000E+00  2.57476E-04  1.06519E-05
       117  2.42543E-01  4.03100E+00  0.00000E+00 -2.71078E-04  2.72004E-04  2.74039E-04  0.00000E+00  2.54159E-04  1.12684E-05
       118  2.42543E-01  4.27354E+00  0.00000E+00 -2.70699E-04  2.71743E-04  2.73865E-04  0.00000E+00  2.50935E-04  1.18770E-05
       119  2.66797E-01  4.54034E+00  0.00000E+00 -2.70527E-04  2.71462E-04  2.73679E-04  0.00000E+00  2.47655E-04  1.25377E-05
       120  2.93477E-01  4.83381E+00  0.00000E+00 -2.70654E-04  2.71491E-04  2.73458E-04  0.00000E+00  2.44188E-04  1.32544E-05
       121  2.93477E-01  5.12729E+00  0.00000E+00 -2.70039E-04  2.71208E-04  2.73267E-04  0.00000E+00  2.41593E-04  1.39634E-05
       122  3.22825E-01  5.45012E+00  0.00000E+00 -2.70009E-04  2.71062E-04  2.73056E-04  0.00000E+00  2.38222E-04  1.47324E-05
       123  3.22825E-01  5.77294E+00  0.00000E+00 -2.69562E-04  2.70776E-04  2.72865E-04  0.00000E+00  2.35513E-04  1.54927E-05
       124  3.55107E-01  6.12805E+00  0.00000E+00 -2.69765E-04  2.70861E-04  2.72629E-04  0.00000E+00  2.32218E-04  1.63173E-05
       125  3.55107E-01  6.48315E+00  0.00000E+00 -2.69091E-04  2.70575E-04  2.72432E-04  0.00000E+00  2.30060E-04  1.71343E-05
       126  3.90618E-01  6.87377E+00  0.00000E+00 -2.68932E-04  2.70265E-04  2.72222E-04  0.00000E+00  2.27049E-04  1.80212E-05
       127  4.29680E-01  7.30345E+00  0.00000E+00 -2.69324E-04  2.70520E-04  2.71973E-04  0.00000E+00  2.24165E-04  1.89844E-05
       128  4.29680E-01  7.73313E+00  0.00000E+00 -2.68432E-04  2.70211E-04  2.71758E-04  0.00000E+00  2.21854E-04  1.99377E-05
       129  4.72648E-01  8.20578E+00  0.00000E+00 -2.68272E-04  2.69876E-04  2.71532E-04  0.00000E+00  2.19331E-04  2.09743E-05
       130  5.19913E-01  8.72569E+00  0.00000E+00 -2.68057E-04  2.69512E-04  2.71292E-04  0.00000E+00  2.16588E-04  2.21004E-05
       131  5.71904E-01  9.29760E+00  0.00000E+00 -2.68121E-04  2.69443E-04  2.71007E-04  0.00000E+00  2.15735E-04  2.33342E-05
       132  5.71904E-01  9.86950E+00  0.00000E+00 -2.67437E-04  2.69088E-04  2.70772E-04  0.00000E+00  2.12963E-04  2.45521E-05
       133  6.29094E-01  1.04986E+01  0.00000E+00 -2.67226E-04  2.68702E-04  2.70521E-04  0.00000E+00  2.10569E-04  2.58768E-05
       134  6.92004E-01  1.11906E+01  0.00000E+00 -2.66970E-04  2.68284E-04  2.70251E-04  0.00000E+00  2.09571E-04  2.73270E-05
       135  7.61204E-01  1.19518E+01  0.00000E+00 -2.66669E-04  2.67836E-04  2.69966E-04  0.00000E+00  2.07425E-04  2.89060E-05
       136  8.37325E-01  1.27891E+01  0.00000E+00 -2.66330E-04  2.67358E-04  2.69664E-04  0.00000E+00  2.06271E-04  3.06331E-05
       137  9.21057E-01  1.37102E+01  0.00000E+00 -2.65957E-04  2.66852E-04  2.69346E-04  0.00000E+00  2.04425E-04  3.25160E-05
       138  1.01316E+00  1.47233E+01  0.00000E+00 -2.65695E-04  2.66479E-04  2.68988E-04  0.00000E+00  2.05327E-04  3.45963E-05
       139  1.01316E+00  1.57365E+01  0.00000E+00 -2.65211E-04  2.66137E-04  2.68651E-04  0.00000E+00  2.06840E-04  3.66919E-05
       140  1.11448E+00  1.68510E+01  0.00000E+00 -2.64656E-04  2.65624E-04  2.68329E-04  0.00000E+00  2.07202E-04  3.90011E-05
       141  1.22593E+00  1.80769E+01  0.00000E+00 -2.64235E-04  2.65075E-04  2.68007E-04  0.00000E+00  2.07579E-04  4.15459E-05
       142  1.34852E+00  1.94254E+01  0.00000E+00 -2.64018E-04  2.64736E-04  2.67618E-04  0.00000E+00  2.06820E-04  4.43349E-05
       143  1.34852E+00  2.07740E+01  0.00000E+00 -2.63253E-04  2.64206E-04  2.67302E-04  0.00000E+00  2.06366E-04  4.71178E-05
       144  1.48337E+00  2.22573E+01  0.00000E+00 -2.63166E-04  2.63967E-04  2.66901E-04  0.00000E+00  2.07031E-04  5.01888E-05
       145  1.48337E+00  2.37407E+01  0.00000E+00 -2.62728E-04  2.63847E-04  2.66523E-04  0.00000E+00  2.09351E-04  5.32943E-05
       146  1.48337E+00  2.52241E+01  0.00000E+00 -2.61861E-04  2.63378E-04  2.66228E-04  0.00000E+00  2.09409E-04  5.64006E-05
       147  1.63171E+00  2.68558E+01  0.00000E+00 -2.61545E-04  2.62850E-04  2.65899E-04  0.00000E+00  2.07048E-04  5.97790E-05
       148  1.79488E+00  2.86507E+01  0.00000E+00 -2.61369E-04  2.62493E-04  2.65513E-04  0.00000E+00  2.08409E-04  6.35197E-05
       149  1.79488E+00  3.04455E+01  0.00000E+00 -2.60849E-04  2.62164E-04  2.65152E-04  0.00000E+00  2.05816E-04  6.72139E-05
       150  1.97437E+00  3.24199E+01  0.00000E+00 -2.60262E-04  2.61593E-04  2.64793E-04  0.00000E+00  2.05067E-04  7.12627E-05
       151  2.17180E+00  3.45917E+01  0.00000E+00 -2.59843E-04  2.60965E-04  2.64397E-04  0.00000E+00  2.04979E-04  7.57144E-05
       152  2.38898E+00  3.69807E+01  0.00000E+00 -2.59349E-04  2.60292E-04  2.63980E-04  0.00000E+00  2.04833E-04  8.06078E-05
       153  2.62788E+00  3.96086E+01  0.00000E+00 -2.58949E-04  2.59757E-04  2.63520E-04  0.00000E+00  2.04094E-04  8.59712E-05
       154  2.89067E+00  4.24992E+01  0.00000E+00 -2.58157E-04  2.59039E-04  2.63095E-04  0.00000E+00  2.04245E-04  9.18752E-05
       155  3.17974E+00  4.56790E+01  0.00000E+00 -2.57727E-04  2.58468E-04  2.62593E-04  0.00000E+00  2.05100E-04  9.83969E-05
       156  3.49771E+00  4.91767E+01  0.00000E+00 -2.57640E-04  2.58475E-04  2.61963E-04  0.00000E+00  2.04215E-04  1.05540E-04
       157  3.49771E+00  5.26744E+01  0.00000E+00 -2.56492E-04  2.58116E-04  2.61516E-04  0.00000E+00  2.03684E-04  1.12664E-04
       158  3.49771E+00  5.61721E+01  0.00000E+00 -2.55730E-04  2.57493E-04  2.61100E-04  0.00000E+00  2.03343E-04  1.19776E-04
       159  3.84748E+00  6.00196E+01  0.00000E+00 -2.55323E-04  2.56763E-04  2.60610E-04  0.00000E+00  2.01259E-04  1.27520E-04
       160  4.23223E+00  6.42518E+01  0.00000E+00 -2.55397E-04  2.56566E-04  2.59969E-04  0.00000E+00  2.02161E-04  1.36076E-04
       161  4.23223E+00  6.84841E+01  0.00000E+00 -2.54124E-04  2.55870E-04  2.59496E-04  0.00000E+00  2.04179E-04  1.44717E-04
       162  4.23223E+00  7.27163E+01  0.00000E+00 -2.53781E-04  2.55394E-04  2.58982E-04  0.00000E+00  2.03006E-04  1.53309E-04
       163  4.65546E+00  7.73718E+01  0.00000E+00 -2.53053E-04  2.54652E-04  2.58477E-04  0.00000E+00  2.03759E-04  1.62795E-04
       164  5.12100E+00  8.24928E+01  0.00000E+00 -2.52715E-04  2.54069E-04  2.57851E-04  0.00000E+00  2.04833E-04  1.73284E-04
       165  5.12100E+00  8.76138E+01  0.00000E+00 -2.51772E-04  2.53324E-04  2.57342E-04  0.00000E+00  2.04951E-04  1.83780E-04
       166  5.63310E+00  9.32469E+01  0.00000E+00 -2.51180E-04  2.52476E-04  2.56760E-04  0.00000E+00  2.07350E-04  1.95460E-04
       167  6.19641E+00  9.94433E+01  0.00000E+00 -2.50692E-04  2.51758E-04  2.56069E-04  0.00000E+00  2.06041E-04  2.08227E-04
       168  6.81605E+00  1.06259E+02  0.00000E+00 -2.50284E-04  2.51362E-04  2.55284E-04  0.00000E+00  2.05653E-04  2.22244E-04
       169  7.49766E+00  1.13757E+02  0.00000E+00 -2.48951E-04  2.50452E-04  2.54687E-04  0.00000E+00  2.06410E-04  2.37720E-04
       170  8.24742E+00  1.22004E+02  0.00000E+00 -2.48704E-04  2.49976E-04  2.53757E-04  0.00000E+00  2.06325E-04  2.54737E-04
       171  8.24742E+00  1.30252E+02  0.00000E+00 -2.47170E-04  2.49157E-04  2.53205E-04  0.00000E+00  2.04109E-04  2.71571E-04
       172  9.07216E+00  1.39324E+02  0.00000E+00 -2.46871E-04  2.48538E-04  2.52368E-04  0.00000E+00  2.02225E-04  2.89917E-04
       173  9.07216E+00  1.48396E+02  0.00000E+00 -2.45558E-04  2.47685E-04  2.51795E-04  0.00000E+00  2.02473E-04  3.08286E-04
       174  9.97938E+00  1.58376E+02  0.00000E+00 -2.44842E-04  2.46603E-04  2.51088E-04  0.00000E+00  2.02037E-04  3.28448E-04
       175  9.97938E+00  1.68355E+02  0.00000E+00 -2.43960E-04  2.45567E-04  2.50419E-04  0.00000E+00  2.01267E-04  3.48533E-04
       176  1.00000E+01  1.78355E+02  0.00000E+00 -2.43117E-04  2.44551E-04  2.49776E-04  0.00000E+00  2.00569E-04  3.68590E-04
       177  1.00000E+01  1.88355E+02  0.00000E+00 -2.42820E-04  2.44089E-04  2.48947E-04  0.00000E+00  1.99093E-04  3.88499E-04
       178  1.00000E+01  1.98355E+02  0.00000E+00 -2.41479E-04  2.43386E-04  2.48376E-04  0.00000E+00  2.00241E-04  4.08523E-04
       179  1.00000E+01  2.08355E+02  0.00000E+00 -2.40879E-04  2.42784E-04  2.47756E-04  0.00000E+00  1.99500E-04  4.28473E-04
       180  1.00000E+01  2.18355E+02  0.00000E+00 -2.39917E-04  2.41980E-04  2.47232E-04  0.00000E+00  2.00079E-04  4.48481E-04
       181  1.00000E+01  2.28355E+02  0.00000E+00 -2.39629E-04  2.41516E-04  2.46574E-04  0.00000E+00  1.98162E-04  4.68297E-04
       182  1.00000E+01  2.38355E+02  0.00000E+00 -2.39232E-04  2.41452E-04  2.45787E-04  0.00000E+00  1.98015E-04  4.88099E-04
       183  1.00000E+01  2.48355E+02  0.00000E+00 -2.37820E-04  2.40828E-04  2.45355E-04  0.00000E+00  1.96173E-04  5.07716E-04
       184  1.00000E+01  2.58355E+02  0.00000E+00 -2.37642E-04  2.40357E-04  2.44749E-04  0.00000E+00  1.97846E-04  5.27501E-04
       185  1.00000E+01  2.68355E+02  0.00000E+00 -2.37045E-04  2.39793E-04  2.44094E-04  0.00000E+00  1.97708E-04  5.47271E-04
       186  1.00000E+01  2.78355E+02  0.00000E+00 -2.36940E-04  2.39749E-04  2.43409E-04  0.00000E+00  1.97257E-04  5.66997E-04
       187  1.00000E+01  2.88355E+02  0.00000E+00 -2.35691E-04  2.39094E-04  2.42961E-04  0.00000E+00  1.97193E-04  5.86716E-04
       188  1.00000E+01  2.98355E+02  0.00000E+00 -2.35289E-04  2.38335E-04  2.42453E-04  0.00000E+00  1.95518E-04  6.06268E-04
       189  1.00000E+01  3.08355E+02  0.00000E+00 -2.34790E-04  2.37542E-04  2.41931E-04  0.00000E+00  1.96025E-04  6.25871E-04
       190  1.00000E+01  3.18355E+02  0.00000E+00 -2.34276E-04  2.36749E-04  2.41415E-04  0.00000E+00  1.94384E-04  6.45309E-04
       191  1.00000E+01  3.28355E+02  0.00000E+00 -2.33763E-04  2.35957E-04  2.40929E-04  0.00000E+00  1.94173E-04  6.64726E-04
       192  1.00000E+01  3.38355E+02  0.00000E+00 -2.33241E-04  2.35169E-04  2.40457E-04  0.00000E+00  1.94552E-04  6.84182E-04
       193  1.00000E+01  3.48355E+02  0.00000E+00 -2.32724E-04  2.34399E-04  2.39997E-04  0.00000E+00  1.94232E-04  7.03605E-04
       194  1.00000E+01  3.58355E+02  0.00000E+00 -2.32209E-04  2.33658E-04  2.39559E-04  0.00000E+00  1.92692E-04  7.22874E-04
       195  1.00000E+01  3.68355E+02  0.00000E+00 -2.31939E-04  2.33238E-04  2.39019E-04  0.00000E+00  1.92761E-04  7.42150E-04
       196  1.00000E+01  3.78355E+02  0.00000E+00 -2.31049E-04  2.32632E-04  2.38647E-04  0.00000E+00  1.90950E-04  7.61245E-04
       197  1.00000E+01  3.88355E+02  0.00000E+00 -2.30569E-04  2.31970E-04  2.38241E-04  0.00000E+00  1.91930E-04  7.80438E-04
       198  1.00000E+01  3.98355E+02  0.00000E+00 -2.30054E-04  2.31303E-04  2.37831E-04  0.00000E+00  1.90330E-04  7.99471E-04
       199  1.00000E+01  4.08355E+02  0.00000E+00 -2.29797E-04  2.30923E-04  2.37306E-04  0.00000E+00  1.90626E-04  8.18534E-04
       200  1.00000E+01  4.18355E+02  0.00000E+00 -2.28954E-04  2.30367E-04  2.36950E-04  0.00000E+00  1.90058E-04  8.37539E-04
       201  1.00000E+01  4.28355E+02  0.00000E+00 -2.28488E-04  2.29767E-04  2.36565E-04  0.00000E+00  1.91302E-04  8.56670E-04
       202  1.00000E+01  4.38355E+02  0.00000E+00 -2.28004E-04  2.29155E-04  2.36172E-04  0.00000E+00  1.91201E-04  8.75790E-04
       203  1.00000E+01  4.48355E+02  0.00000E+00 -2.28157E-04  2.29184E-04  2.35570E-04  0.00000E+00  1.89642E-04  8.94754E-04
       204  1.00000E+01  4.58355E+02  0.00000E+00 -2.26921E-04  2.28783E-04  2.35273E-04  0.00000E+00  1.90219E-04  9.13776E-04
       205  1.00000E+01  4.68355E+02  0.00000E+00 -2.27417E-04  2.29084E-04  2.34692E-04  0.00000E+00  1.87397E-04  9.32515E-04
       206  1.00000E+01  4.78355E+02  0.00000E+00 -2.26048E-04  2.28706E-04  2.34422E-04  0.00000E+00  1.90005E-04  9.51516E-04
       207  1.00000E+01  4.88355E+02  0.00000E+00 -2.26202E-04  2.28638E-04  2.33931E-04  0.00000E+00  1.88256E-04  9.70341E-04
       208  1.00000E+01  4.98355E+02  0.00000E+00 -2.25314E-04  2.28150E-04  2.33628E-04  0.00000E+00  1.88406E-04  9.89182E-04
       209  1.00000E+01  5.08355E+02  0.00000E+00 -2.24984E-04  2.27576E-04  2.33274E-04  0.00000E+00  1.87338E-04  1.00792E-03
       210  1.00000E+01  5.18355E+02  0.00000E+00 -2.24604E-04  2.26960E-04  2.32896E-04  0.00000E+00  1.88008E-04  1.02672E-03
       211  1.00000E+01  5.28355E+02  0.00000E+00 -2.24556E-04  2.26681E-04  2.32407E-04  0.00000E+00  1.86163E-04  1.04533E-03
       212  1.00000E+01  5.38355E+02  0.00000E+00 -2.23769E-04  2.26159E-04  2.32068E-04  0.00000E+00  1.86045E-04  1.06394E-03
       213  1.00000E+01  5.48355E+02  0.00000E+00 -2.23427E-04  2.25577E-04  2.31712E-04  0.00000E+00  1.85898E-04  1.08253E-03
       214  1.00000E+01  5.58355E+02  0.00000E+00 -2.23055E-04  2.24972E-04  2.31349E-04  0.00000E+00  1.85917E-04  1.10112E-03
       215  1.00000E+01  5.68355E+02  0.00000E+00 -2.22662E-04  2.24363E-04  2.30992E-04  0.00000E+00  1.86325E-04  1.11975E-03
       216  1.00000E+01  5.78355E+02  0.00000E+00 -2.23733E-04  2.25234E-04  2.30130E-04  0.00000E+00  1.85898E-04  1.13834E-03
       217  1.00000E+01  5.88355E+02  0.00000E+00 -2.21736E-04  2.24977E-04  2.29979E-04  0.00000E+00  1.85203E-04  1.15686E-03
       218  1.00000E+01  5.98355E+02  0.00000E+00 -2.21626E-04  2.24510E-04  2.29704E-04  0.00000E+00  1.84813E-04  1.17534E-03
       219  1.00000E+01  6.08355E+02  0.00000E+00 -2.21720E-04  2.24287E-04  2.29285E-04  0.00000E+00  1.84112E-04  1.19375E-03
       220  1.00000E+01  6.18355E+02  0.00000E+00 -2.21159E-04  2.23715E-04  2.28929E-04  0.00000E+00  1.83784E-04  1.21213E-03
       221  1.00000E+01  6.28355E+02  0.00000E+00 -2.20893E-04  2.23121E-04  2.28562E-04  0.00000E+00  1.83168E-04  1.23045E-03
       222  1.00000E+01  6.38355E+02  0.00000E+00 -2.20583E-04  2.22525E-04  2.28194E-04  0.00000E+00  1.83681E-04  1.24882E-03
       223  1.00000E+01  6.48355E+02  0.00000E+00 -2.20260E-04  2.21935E-04  2.27829E-04  0.00000E+00  1.83128E-04  1.26713E-03
       224  1.00000E+01  6.58355E+02  0.00000E+00 -2.19894E-04  2.21362E-04  2.27474E-04  0.00000E+00  1.82939E-04  1.28542E-03
       225  1.00000E+01  6.68355E+02  0.00000E+00 -2.20352E-04  2.21635E-04  2.26972E-04  0.00000E+00  1.83066E-04  1.30373E-03
       226  1.00000E+01  6.78355E+02  0.00000E+00 -2.19423E-04  2.21554E-04  2.26563E-04  0.00000E+00  1.82168E-04  1.32195E-03
       227  1.00000E+01  6.88355E+02  0.00000E+00 -2.19167E-04  2.21504E-04  2.26185E-04  0.00000E+00  1.82199E-04  1.34017E-03
       228  1.00000E+01  6.98355E+02  0.00000E+00 -2.18516E-04  2.21119E-04  2.25953E-04  0.00000E+00  1.81783E-04  1.35835E-03
       229  1.00000E+01  7.08355E+02  0.00000E+00 -2.18257E-04  2.20636E-04  2.25663E-04  0.00000E+00  1.82345E-04  1.37658E-03
       230  1.00000E+01  7.18355E+02  0.00000E+00 -2.17948E-04  2.20114E-04  2.25349E-04  0.00000E+00  1.81562E-04  1.39474E-03
       231  1.00000E+01  7.28355E+02  0.00000E+00 -2.17617E-04  2.19588E-04  2.25033E-04  0.00000E+00  1.80285E-04  1.41276E-03
       232  1.00000E+01  7.38355E+02  0.00000E+00 -2.17651E-04  2.19463E-04  2.24587E-04  0.00000E+00  1.79585E-04  1.43072E-03
       233  1.00000E+01  7.48355E+02  0.00000E+00 -2.16846E-04  2.19061E-04  2.24343E-04  0.00000E+00  1.80931E-04  1.44882E-03
       234  1.00000E+01  7.58355E+02  0.00000E+00 -2.16569E-04  2.18595E-04  2.24061E-04  0.00000E+00  1.80555E-04  1.46687E-03
       235  1.00000E+01  7.68355E+02  0.00000E+00 -2.16256E-04  2.18102E-04  2.23770E-04  0.00000E+00  1.79349E-04  1.48481E-03
       236  1.00000E+01  7.78355E+02  0.00000E+00 -2.15928E-04  2.17600E-04  2.23476E-04  0.00000E+00  1.79384E-04  1.50275E-03
       237  1.00000E+01  7.88355E+02  0.00000E+00 -2.15595E-04  2.17100E-04  2.23182E-04  0.00000E+00  1.80234E-04  1.52077E-03
       238  1.00000E+01  7.98355E+02  0.00000E+00 -2.15270E-04  2.16612E-04  2.22893E-04  0.00000E+00  1.79240E-04  1.53869E-03
       239  1.00000E+01  8.08355E+02  0.00000E+00 -2.15294E-04  2.16479E-04  2.22482E-04  0.00000E+00  1.79748E-04  1.55667E-03
       240  1.00000E+01  8.18355E+02  0.00000E+00 -2.14594E-04  2.16089E-04  2.22246E-04  0.00000E+00  1.79145E-04  1.57458E-03
       241  1.00000E+01  8.28355E+02  0.00000E+00 -2.14337E-04  2.15640E-04  2.21974E-04  0.00000E+00  1.79073E-04  1.59249E-03
       242  1.00000E+01  8.38355E+02  0.00000E+00 -2.14030E-04  2.15174E-04  2.21691E-04  0.00000E+00  1.78352E-04  1.61032E-03
       243  1.00000E+01  8.48355E+02  0.00000E+00 -2.13690E-04  2.14711E-04  2.21407E-04  0.00000E+00  1.77915E-04  1.62812E-03
       244  1.00000E+01  8.58355E+02  0.00000E+00 -2.13317E-04  2.14258E-04  2.21127E-04  0.00000E+00  1.77804E-04  1.64590E-03
       245  1.00000E+01  8.68355E+02  0.00000E+00 -2.12951E-04  2.13815E-04  2.20852E-04  0.00000E+00  1.77519E-04  1.66365E-03
       246  1.00000E+01  8.78355E+02  0.00000E+00 -2.12590E-04  2.13379E-04  2.20585E-04  0.00000E+00  1.76665E-04  1.68131E-03
       247  1.00000E+01  8.88355E+02  0.00000E+00 -2.12231E-04  2.12949E-04  2.20320E-04  0.00000E+00  1.76163E-04  1.69893E-03
       248  1.00000E+01  8.98355E+02  0.00000E+00 -2.12350E-04  2.12997E-04  2.19911E-04  0.00000E+00  1.77846E-04  1.71672E-03
       249  1.00000E+01  9.08355E+02  0.00000E+00 -2.11469E-04  2.12692E-04  2.19724E-04  0.00000E+00  1.76824E-04  1.73440E-03
       250  1.00000E+01  9.18355E+02  0.00000E+00 -2.11202E-04  2.12315E-04  2.19494E-04  0.00000E+00  1.76279E-04  1.75203E-03
       251  1.00000E+01  9.28355E+02  0.00000E+00 -2.10880E-04  2.11910E-04  2.19246E-04  0.00000E+00  1.76268E-04  1.76965E-03
       252  1.00000E+01  9.38355E+02  0.00000E+00 -2.11456E-04  2.12407E-04  2.18777E-04  0.00000E+00  1.75387E-04  1.78719E-03
       253  1.00000E+01  9.48355E+02  0.00000E+00 -2.10105E-04  2.12220E-04  2.18609E-04  0.00000E+00  1.75574E-04  1.80475E-03
       254  1.00000E+01  9.58355E+02  0.00000E+00 -2.10285E-04  2.12230E-04  2.18268E-04  0.00000E+00  1.74725E-04  1.82222E-03
       255  1.00000E+01  9.68355E+02  0.00000E+00 -2.09642E-04  2.11928E-04  2.18090E-04  0.00000E+00  1.74848E-04  1.83971E-03
       256  1.00000E+01  9.78355E+02  0.00000E+00 -2.10016E-04  2.12134E-04  2.17679E-04  0.00000E+00  1.75408E-04  1.85725E-03
       257  1.00000E+01  9.88355E+02  0.00000E+00 -2.09095E-04  2.11839E-04  2.17508E-04  0.00000E+00  1.75048E-04  1.87475E-03
       258  1.00000E+01  9.98355E+02  0.00000E+00 -2.08912E-04  2.11457E-04  2.17284E-04  0.00000E+00  1.75057E-04  1.89226E-03
       259  1.00000E+01  1.00835E+03  0.00000E+00 -2.09143E-04  2.11501E-04  2.16915E-04  0.00000E+00  1.73610E-04  1.90962E-03
       260  1.00000E+01  1.01835E+03  0.00000E+00 -2.08833E-04  2.11536E-04  2.16560E-04  0.00000E+00  1.73387E-04  1.92696E-03
       261  1.00000E+01  1.02835E+03  0.00000E+00 -2.08214E-04  2.11219E-04  2.16360E-04  0.00000E+00  1.73677E-04  1.94432E-03
       262  1.00000E+01  1.03835E+03  0.00000E+00 -2.08395E-04  2.11105E-04  2.16018E-04  0.00000E+00  1.73815E-04  1.96171E-03
       263  1.00000E+01  1.04835E+03  0.00000E+00 -2.07953E-04  2.10670E-04  2.15744E-04  0.00000E+00  1.73384E-04  1.97904E-03
       264  1.00000E+01  1.05835E+03  0.00000E+00 -2.07809E-04  2.10206E-04  2.15445E-04  0.00000E+00  1.72231E-04  1.99627E-03
       265  1.00000E+01  1.06835E+03  0.00000E+00 -2.08366E-04  2.10470E-04  2.14874E-04  0.00000E+00  1.70509E-04  2.01332E-03
       266  1.00000E+01  1.07835E+03  0.00000E+00 -2.07335E-04  2.10196E-04  2.14689E-04  0.00000E+00  1.69888E-04  2.03031E-03
       267  1.00000E+01  1.08835E+03  0.00000E+00 -2.07270E-04  2.09781E-04  2.14429E-04  0.00000E+00  1.70857E-04  2.04739E-03
       268  1.00000E+01  1.09835E+03  0.00000E+00 -2.07119E-04  2.09303E-04  2.14130E-04  0.00000E+00  1.71427E-04  2.06454E-03
       269  1.00000E+01  1.10835E+03  0.00000E+00 -2.06939E-04  2.08811E-04  2.13823E-04  0.00000E+00  1.70890E-04  2.08162E-03
       270  1.00000E+01  1.11835E+03  0.00000E+00 -2.06743E-04  2.08317E-04  2.13515E-04  0.00000E+00  1.70326E-04  2.09866E-03
       271  1.00000E+01  1.12835E+03  0.00000E+00 -2.06511E-04  2.07835E-04  2.13224E-04  0.00000E+00  1.69586E-04  2.11562E-03
       272  1.00000E+01  1.13835E+03  0.00000E+00 -2.06202E-04  2.07381E-04  2.12953E-04  0.00000E+00  1.69689E-04  2.13258E-03
       273  1.00000E+01  1.14835E+03  0.00000E+00 -2.06738E-04  2.07786E-04  2.12527E-04  0.00000E+00  1.69161E-04  2.14950E-03
       274  1.00000E+01  1.15835E+03  0.00000E+00 -2.05572E-04  2.07504E-04  2.12313E-04  0.00000E+00  1.68498E-04  2.16635E-03
       275  1.00000E+01  1.16835E+03  0.00000E+00 -2.05419E-04  2.07143E-04  2.12082E-04  0.00000E+00  1.68340E-04  2.18318E-03
       276  1.00000E+01  1.17835E+03  0.00000E+00 -2.05214E-04  2.06742E-04  2.11841E-04  0.00000E+00  1.68154E-04  2.20000E-03
       277  1.00000E+01  1.18835E+03  0.00000E+00 -2.04989E-04  2.06328E-04  2.11598E-04  0.00000E+00  1.67642E-04  2.21676E-03
       278  1.00000E+01  1.19835E+03  0.00000E+00 -2.04752E-04  2.05911E-04  2.11353E-04  0.00000E+00  1.68712E-04  2.23364E-03
       279  1.00000E+01  1.20835E+03  0.00000E+00 -2.04503E-04  2.05499E-04  2.11113E-04  0.00000E+00  1.67789E-04  2.25041E-03
       280  1.00000E+01  1.21835E+03  0.00000E+00 -2.04243E-04  2.05093E-04  2.10880E-04  0.00000E+00  1.68706E-04  2.26729E-03
       281  1.00000E+01  1.22835E+03  0.00000E+00 -2.03984E-04  2.04695E-04  2.10661E-04  0.00000E+00  1.68777E-04  2.28416E-03
       282  1.00000E+01  1.23835E+03  0.00000E+00 -2.03713E-04  2.04306E-04  2.10447E-04  0.00000E+00  1.68263E-04  2.30099E-03
       283  1.00000E+01  1.24835E+03  0.00000E+00 -2.03416E-04  2.03932E-04  2.10237E-04  0.00000E+00  1.68453E-04  2.31783E-03
       284  1.00000E+01  1.25835E+03  0.00000E+00 -2.03125E-04  2.03570E-04  2.10032E-04  0.00000E+00  1.67656E-04  2.33460E-03
       285  1.00000E+01  1.26835E+03  0.00000E+00 -2.02843E-04  2.03219E-04  2.09833E-04  0.00000E+00  1.66990E-04  2.35130E-03
       286  1.00000E+01  1.27835E+03  0.00000E+00 -2.02563E-04  2.02873E-04  2.09636E-04  0.00000E+00  1.66363E-04  2.36794E-03
       287  1.00000E+01  1.28835E+03  0.00000E+00 -2.02293E-04  2.02538E-04  2.09444E-04  0.00000E+00  1.65405E-04  2.38448E-03
       288  1.00000E+01  1.29835E+03  0.00000E+00 -2.02494E-04  2.02677E-04  2.09105E-04  0.00000E+00  1.65152E-04  2.40099E-03
       289  1.00000E+01  1.30835E+03  0.00000E+00 -2.01710E-04  2.02455E-04  2.08975E-04  0.00000E+00  1.65514E-04  2.41754E-03
       290  1.00000E+01  1.31835E+03  0.00000E+00 -2.01896E-04  2.02555E-04  2.08670E-04  0.00000E+00  1.65837E-04  2.43413E-03
       291  1.00000E+01  1.32835E+03  0.00000E+00 -2.01584E-04  2.02708E-04  2.08402E-04  0.00000E+00  1.64985E-04  2.45062E-03
       292  1.00000E+01  1.33835E+03  0.00000E+00 -2.00999E-04  2.02510E-04  2.08281E-04  0.00000E+00  1.64395E-04  2.46706E-03
       293  1.00000E+01  1.34835E+03  0.00000E+00 -2.00822E-04  2.02210E-04  2.08096E-04  0.00000E+00  1.64432E-04  2.48351E-03
       294  1.00000E+01  1.35835E+03  0.00000E+00 -2.00595E-04  2.01872E-04  2.07891E-04  0.00000E+00  1.63780E-04  2.49989E-03
       295  1.00000E+01  1.36835E+03  0.00000E+00 -2.00351E-04  2.01523E-04  2.07679E-04  0.00000E+00  1.63434E-04  2.51623E-03
       296  1.00000E+01  1.37835E+03  0.00000E+00 -2.00457E-04  2.01529E-04  2.07330E-04  0.00000E+00  1.63712E-04  2.53260E-03
       297  1.00000E+01  1.38835E+03  0.00000E+00 -1.99790E-04  2.01283E-04  2.07177E-04  0.00000E+00  1.64026E-04  2.54900E-03
       298  1.00000E+01  1.39835E+03  0.00000E+00 -1.99612E-04  2.00970E-04  2.06981E-04  0.00000E+00  1.63748E-04  2.56538E-03
       299  1.00000E+01  1.40835E+03  0.00000E+00 -1.99393E-04  2.00624E-04  2.06765E-04  0.00000E+00  1.63380E-04  2.58172E-03
       300  1.00000E+01  1.41835E+03  0.00000E+00 -1.99160E-04  2.00270E-04  2.06544E-04  0.00000E+00  1.63417E-04  2.59806E-03
       301  1.00000E+01  1.42835E+03  0.00000E+00 -1.98925E-04  1.99919E-04  2.06324E-04  0.00000E+00  1.62737E-04  2.61433E-03
       302  1.00000E+01  1.43835E+03  0.00000E+00 -1.98687E-04  1.99569E-04  2.06105E-04  0.00000E+00  1.62444E-04  2.63058E-03
       303  1.00000E+01  1.44835E+03  0.00000E+00 -1.98447E-04  1.99222E-04  2.05887E-04  0.00000E+00  1.62052E-04  2.64678E-03
       304  1.00000E+01  1.45835E+03  0.00000E+00 -1.98207E-04  1.98877E-04  2.05678E-04  0.00000E+00  1.62109E-04  2.66299E-03
       305  1.00000E+01  1.46835E+03  0.00000E+00 -1.97965E-04  1.98535E-04  2.05472E-04  0.00000E+00  1.62349E-04  2.67923E-03
       306  1.00000E+01  1.47835E+03  0.00000E+00 -1.97722E-04  1.98195E-04  2.05267E-04  0.00000E+00  1.61829E-04  2.69541E-03
       307  1.00000E+01  1.48835E+03  0.00000E+00 -1.97479E-04  1.97858E-04  2.05063E-04  0.00000E+00  1.61862E-04  2.71160E-03
       308  1.00000E+01  1.49835E+03  0.00000E+00 -1.97235E-04  1.97522E-04  2.04860E-04  0.00000E+00  1.62022E-04  2.72780E-03
       309  1.00000E+01  1.50835E+03  0.00000E+00 -1.96992E-04  1.97191E-04  2.04660E-04  0.00000E+00  1.62002E-04  2.74400E-03
       310  1.00000E+01  1.51835E+03  0.00000E+00 -1.96735E-04  1.96863E-04  2.04461E-04  0.00000E+00  1.62281E-04  2.76023E-03
       311  1.00000E+01  1.52835E+03  0.00000E+00 -1.96464E-04  1.96550E-04  2.04270E-04  0.00000E+00  1.61812E-04  2.77641E-03
       312  1.00000E+01  1.53835E+03  0.00000E+00 -1.96663E-04  1.96726E-04  2.03888E-04  0.00000E+00  1.61101E-04  2.79252E-03
       313  1.00000E+01  1.54835E+03  0.00000E+00 -1.95851E-04  1.96556E-04  2.03777E-04  0.00000E+00  1.60368E-04  2.80855E-03
       314  1.00000E+01  1.55835E+03  0.00000E+00 -1.96079E-04  1.96720E-04  2.03516E-04  0.00000E+00  1.60478E-04  2.82460E-03
       315  1.00000E+01  1.56835E+03  0.00000E+00 -1.95463E-04  1.96512E-04  2.03375E-04  0.00000E+00  1.60124E-04  2.84061E-03
       316  1.00000E+01  1.57835E+03  0.00000E+00 -1.95294E-04  1.96236E-04  2.03193E-04  0.00000E+00  1.60112E-04  2.85663E-03
       317  1.00000E+01  1.58835E+03  0.00000E+00 -1.95359E-04  1.96204E-04  2.02931E-04  0.00000E+00  1.59278E-04  2.87255E-03
       318  1.00000E+01  1.59835E+03  0.00000E+00 -1.95897E-04  1.96913E-04  2.02448E-04  0.00000E+00  1.58060E-04  2.88836E-03
       319  1.00000E+01  1.60835E+03  0.00000E+00 -1.94598E-04  1.96870E-04  2.02416E-04  0.00000E+00  1.58041E-04  2.90416E-03
       320  1.00000E+01  1.61835E+03  0.00000E+00 -1.94588E-04  1.96658E-04  2.02277E-04  0.00000E+00  1.57540E-04  2.91992E-03
       321  1.00000E+01  1.62835E+03  0.00000E+00 -1.94469E-04  1.96364E-04  2.02086E-04  0.00000E+00  1.57884E-04  2.93571E-03
       322  1.00000E+01  1.63835E+03  0.00000E+00 -1.94308E-04  1.96043E-04  2.01880E-04  0.00000E+00  1.57385E-04  2.95144E-03
       323  1.00000E+01  1.64835E+03  0.00000E+00 -1.94508E-04  1.96095E-04  2.01536E-04  0.00000E+00  1.58377E-04  2.96728E-03
       324  1.00000E+01  1.65835E+03  0.00000E+00 -1.93883E-04  1.95872E-04  2.01389E-04  0.00000E+00  1.58134E-04  2.98310E-03
       325  1.00000E+01  1.66835E+03  0.00000E+00 -1.93761E-04  1.95581E-04  2.01202E-04  0.00000E+00  1.57373E-04  2.99883E-03
       326  1.00000E+01  1.67835E+03  0.00000E+00 -1.93598E-04  1.95259E-04  2.00998E-04  0.00000E+00  1.56570E-04  3.01449E-03
       327  1.00000E+01  1.68835E+03  0.00000E+00 -1.93416E-04  1.94927E-04  2.00798E-04  0.00000E+00  1.56549E-04  3.03014E-03
       328  1.00000E+01  1.69835E+03  0.00000E+00 -1.93674E-04  1.95044E-04  2.00460E-04  0.00000E+00  1.56403E-04  3.04578E-03
       329  1.00000E+01  1.70835E+03  0.00000E+00 -1.92961E-04  1.94826E-04  2.00331E-04  0.00000E+00  1.55838E-04  3.06137E-03
       330  1.00000E+01  1.71835E+03  0.00000E+00 -1.92825E-04  1.94540E-04  2.00162E-04  0.00000E+00  1.56387E-04  3.07701E-03
       331  1.00000E+01  1.72835E+03  0.00000E+00 -1.92651E-04  1.94224E-04  1.99975E-04  0.00000E+00  1.55763E-04  3.09258E-03
       332  1.00000E+01  1.73835E+03  0.00000E+00 -1.92460E-04  1.93897E-04  1.99782E-04  0.00000E+00  1.56898E-04  3.10827E-03
       333  1.00000E+01  1.74835E+03  0.00000E+00 -1.92264E-04  1.93570E-04  1.99588E-04  0.00000E+00  1.56530E-04  3.12393E-03
       334  1.00000E+01  1.75835E+03  0.00000E+00 -1.92860E-04  1.94040E-04  1.99202E-04  0.00000E+00  1.55784E-04  3.13950E-03
       335  1.00000E+01  1.76835E+03  0.00000E+00 -1.91805E-04  1.93854E-04  1.99086E-04  0.00000E+00  1.55188E-04  3.15502E-03
       336  1.00000E+01  1.77835E+03  0.00000E+00 -1.92085E-04  1.93949E-04  1.98785E-04  0.00000E+00  1.55041E-04  3.17053E-03
       337  1.00000E+01  1.78835E+03  0.00000E+00 -1.91535E-04  1.93737E-04  1.98649E-04  0.00000E+00  1.55263E-04  3.18605E-03
       338  1.00000E+01  1.79835E+03  0.00000E+00 -1.91434E-04  1.93445E-04  1.98464E-04  0.00000E+00  1.55524E-04  3.20161E-03
       339  1.00000E+01  1.80835E+03  0.00000E+00 -1.91290E-04  1.93121E-04  1.98258E-04  0.00000E+00  1.55331E-04  3.21714E-03
       340  1.00000E+01  1.81835E+03  0.00000E+00 -1.91127E-04  1.92786E-04  1.98046E-04  0.00000E+00  1.54941E-04  3.23263E-03
       341  1.00000E+01  1.82835E+03  0.00000E+00 -1.91335E-04  1.92850E-04  1.97694E-04  0.00000E+00  1.54614E-04  3.24810E-03
       342  1.00000E+01  1.83835E+03  0.00000E+00 -1.90699E-04  1.92631E-04  1.97565E-04  0.00000E+00  1.54657E-04  3.26356E-03
       343  1.00000E+01  1.84835E+03  0.00000E+00 -1.90590E-04  1.92345E-04  1.97392E-04  0.00000E+00  1.54133E-04  3.27897E-03
       344  1.00000E+01  1.85835E+03  0.00000E+00 -1.90441E-04  1.92026E-04  1.97199E-04  0.00000E+00  1.53780E-04  3.29435E-03
       345  1.00000E+01  1.86835E+03  0.00000E+00 -1.90269E-04  1.91701E-04  1.97002E-04  0.00000E+00  1.53644E-04  3.30972E-03
       346  1.00000E+01  1.87835E+03  0.00000E+00 -1.90085E-04  1.91379E-04  1.96806E-04  0.00000E+00  1.53058E-04  3.32502E-03
       347  1.00000E+01  1.88835E+03  0.00000E+00 -1.89899E-04  1.91059E-04  1.96611E-04  0.00000E+00  1.52986E-04  3.34032E-03
       348  1.00000E+01  1.89835E+03  0.00000E+00 -1.89711E-04  1.90743E-04  1.96418E-04  0.00000E+00  1.53110E-04  3.35563E-03
       349  1.00000E+01  1.90835E+03  0.00000E+00 -1.90258E-04  1.91165E-04  1.96010E-04  0.00000E+00  1.52864E-04  3.37092E-03
       350  1.00000E+01  1.91835E+03  0.00000E+00 -1.89216E-04  1.91020E-04  1.95919E-04  0.00000E+00  1.52383E-04  3.38616E-03
       351  1.00000E+01  1.92835E+03  0.00000E+00 -1.89137E-04  1.90785E-04  1.95771E-04  0.00000E+00  1.51957E-04  3.40135E-03
       352  1.00000E+01  1.93835E+03  0.00000E+00 -1.89003E-04  1.90505E-04  1.95593E-04  0.00000E+00  1.51281E-04  3.41648E-03
       353  1.00000E+01  1.94835E+03  0.00000E+00 -1.88844E-04  1.90206E-04  1.95405E-04  0.00000E+00  1.50990E-04  3.43158E-03
       354  1.00000E+01  1.95835E+03  0.00000E+00 -1.88663E-04  1.89907E-04  1.95216E-04  0.00000E+00  1.51022E-04  3.44668E-03
       355  1.00000E+01  1.96835E+03  0.00000E+00 -1.88471E-04  1.89610E-04  1.95028E-04  0.00000E+00  1.50705E-04  3.46175E-03
       356  1.00000E+01  1.97835E+03  0.00000E+00 -1.88276E-04  1.89318E-04  1.94845E-04  0.00000E+00  1.50332E-04  3.47679E-03
       357  1.00000E+01  1.98835E+03  0.00000E+00 -1.88079E-04  1.89028E-04  1.94670E-04  0.00000E+00  1.50598E-04  3.49185E-03
       358  1.00000E+01  1.99835E+03  0.00000E+00 -1.87862E-04  1.88745E-04  1.94498E-04  0.00000E+00  1.50034E-04  3.50685E-03
       359  1.00000E+01  2.00835E+03  0.00000E+00 -1.87632E-04  1.88472E-04  1.94331E-04  0.00000E+00  1.49625E-04  3.52181E-03
       360  1.00000E+01  2.01835E+03  0.00000E+00 -1.87405E-04  1.88205E-04  1.94170E-04  0.00000E+00  1.49457E-04  3.53676E-03
       361  1.00000E+01  2.02835E+03  0.00000E+00 -1.87559E-04  1.88318E-04  1.93881E-04  0.00000E+00  1.48958E-04  3.55165E-03
       362  1.00000E+01  2.03835E+03  0.00000E+00 -1.86903E-04  1.88163E-04  1.93786E-04  0.00000E+00  1.49699E-04  3.56662E-03
       363  1.00000E+01  2.04835E+03  0.00000E+00 -1.86754E-04  1.87941E-04  1.93651E-04  0.00000E+00  1.49046E-04  3.58153E-03
       364  1.00000E+01  2.05835E+03  0.00000E+00 -1.86558E-04  1.87692E-04  1.93499E-04  0.00000E+00  1.48498E-04  3.59638E-03
       365  1.00000E+01  2.06835E+03  0.00000E+00 -1.86351E-04  1.87434E-04  1.93341E-04  0.00000E+00  1.49779E-04  3.61135E-03
       366  1.00000E+01  2.07835E+03  0.00000E+00 -1.86142E-04  1.87177E-04  1.93182E-04  0.00000E+00  1.49119E-04  3.62627E-03
       367  1.00000E+01  2.08835E+03  0.00000E+00 -1.85932E-04  1.86921E-04  1.93024E-04  0.00000E+00  1.48959E-04  3.64116E-03
       368  1.00000E+01  2.09835E+03  0.00000E+00 -1.85723E-04  1.86668E-04  1.92868E-04  0.00000E+00  1.48316E-04  3.65599E-03
       369  1.00000E+01  2.10835E+03  0.00000E+00 -1.85939E-04  1.86842E-04  1.92554E-04  0.00000E+00  1.48352E-04  3.67083E-03
       370  1.00000E+01  2.11835E+03  0.00000E+00 -1.85230E-04  1.86710E-04  1.92472E-04  0.00000E+00  1.48374E-04  3.68567E-03
       371  1.00000E+01  2.12835E+03  0.00000E+00 -1.85103E-04  1.86503E-04  1.92342E-04  0.00000E+00  1.47838E-04  3.70045E-03
       372  1.00000E+01  2.13835E+03  0.00000E+00 -1.84932E-04  1.86259E-04  1.92187E-04  0.00000E+00  1.48118E-04  3.71526E-03
       373  1.00000E+01  2.14835E+03  0.00000E+00 -1.84746E-04  1.86002E-04  1.92024E-04  0.00000E+00  1.48373E-04  3.73010E-03
       374  1.00000E+01  2.15835E+03  0.00000E+00 -1.84555E-04  1.85744E-04  1.91859E-04  0.00000E+00  1.48187E-04  3.74492E-03
       375  1.00000E+01  2.16835E+03  0.00000E+00 -1.84362E-04  1.85487E-04  1.91696E-04  0.00000E+00  1.47677E-04  3.75969E-03
       376  1.00000E+01  2.17835E+03  0.00000E+00 -1.84169E-04  1.85231E-04  1.91538E-04  0.00000E+00  1.47396E-04  3.77443E-03
       377  1.00000E+01  2.18835E+03  0.00000E+00 -1.83975E-04  1.84977E-04  1.91381E-04  0.00000E+00  1.47055E-04  3.78913E-03
       378  1.00000E+01  2.19835E+03  0.00000E+00 -1.83780E-04  1.84724E-04  1.91225E-04  0.00000E+00  1.47579E-04  3.80389E-03
       379  1.00000E+01  2.20835E+03  0.00000E+00 -1.84121E-04  1.85010E-04  1.90897E-04  0.00000E+00  1.47876E-04  3.81868E-03
       380  1.00000E+01  2.21835E+03  0.00000E+00 -1.83306E-04  1.84892E-04  1.90822E-04  0.00000E+00  1.48020E-04  3.83348E-03
       381  1.00000E+01  2.22835E+03  0.00000E+00 -1.83200E-04  1.84692E-04  1.90698E-04  0.00000E+00  1.48239E-04  3.84830E-03
       382  1.00000E+01  2.23835E+03  0.00000E+00 -1.83048E-04  1.84453E-04  1.90551E-04  0.00000E+00  1.47591E-04  3.86306E-03
       383  1.00000E+01  2.24835E+03  0.00000E+00 -1.82877E-04  1.84200E-04  1.90395E-04  0.00000E+00  1.47276E-04  3.87779E-03
       384  1.00000E+01  2.25835E+03  0.00000E+00 -1.82700E-04  1.83943E-04  1.90237E-04  0.00000E+00  1.46978E-04  3.89249E-03
       385  1.00000E+01  2.26835E+03  0.00000E+00 -1.82521E-04  1.83687E-04  1.90080E-04  0.00000E+00  1.47051E-04  3.90719E-03
       386  1.00000E+01  2.27835E+03  0.00000E+00 -1.83054E-04  1.84153E-04  1.89685E-04  0.00000E+00  1.46012E-04  3.92179E-03
       387  1.00000E+01  2.28835E+03  0.00000E+00 -1.82088E-04  1.84079E-04  1.89632E-04  0.00000E+00  1.46603E-04  3.93645E-03
       388  1.00000E+01  2.29835E+03  0.00000E+00 -1.82037E-04  1.83883E-04  1.89503E-04  0.00000E+00  1.46220E-04  3.95108E-03
       389  1.00000E+01  2.30835E+03  0.00000E+00 -1.81921E-04  1.83632E-04  1.89341E-04  0.00000E+00  1.45604E-04  3.96564E-03
       390  1.00000E+01  2.31835E+03  0.00000E+00 -1.82015E-04  1.83597E-04  1.89100E-04  0.00000E+00  1.44984E-04  3.98013E-03
       391  1.00000E+01  2.32835E+03  0.00000E+00 -1.81666E-04  1.83349E-04  1.88938E-04  0.00000E+00  1.44414E-04  3.99458E-03
       392  1.00000E+01  2.33835E+03  0.00000E+00 -1.81552E-04  1.83088E-04  1.88763E-04  0.00000E+00  1.43876E-04  4.00896E-03
       393  1.00000E+01  2.34835E+03  0.00000E+00 -1.81417E-04  1.82822E-04  1.88582E-04  0.00000E+00  1.43359E-04  4.02330E-03
       394  1.00000E+01  2.35835E+03  0.00000E+00 -1.81270E-04  1.82555E-04  1.88401E-04  0.00000E+00  1.43512E-04  4.03765E-03
       395  1.00000E+01  2.36835E+03  0.00000E+00 -1.81576E-04  1.82750E-04  1.87995E-04  0.00000E+00  1.43091E-04  4.05196E-03
       396  1.00000E+01  2.37835E+03  0.00000E+00 -1.80877E-04  1.82613E-04  1.87925E-04  0.00000E+00  1.43901E-04  4.06635E-03
       397  1.00000E+01  2.38835E+03  0.00000E+00 -1.80795E-04  1.82398E-04  1.87784E-04  0.00000E+00  1.44422E-04  4.08079E-03
       398  1.00000E+01  2.39835E+03  0.00000E+00 -1.80661E-04  1.82148E-04  1.87611E-04  0.00000E+00  1.44152E-04  4.09521E-03
       399  1.00000E+01  2.40835E+03  0.00000E+00 -1.80504E-04  1.81890E-04  1.87430E-04  0.00000E+00  1.43514E-04  4.10956E-03
       400  1.00000E+01  2.41835E+03  0.00000E+00 -1.80343E-04  1.81632E-04  1.87248E-04  0.00000E+00  1.43066E-04  4.12387E-03
       401  1.00000E+01  2.42835E+03  0.00000E+00 -1.80178E-04  1.81375E-04  1.87067E-04  0.00000E+00  1.42883E-04  4.13815E-03
       402  1.00000E+01  2.43835E+03  0.00000E+00 -1.80011E-04  1.81120E-04  1.86887E-04  0.00000E+00  1.43333E-04  4.15249E-03
       403  1.00000E+01  2.44835E+03  0.00000E+00 -1.79842E-04  1.80867E-04  1.86709E-04  0.00000E+00  1.43458E-04  4.16683E-03
       404  1.00000E+01  2.45835E+03  0.00000E+00 -1.79672E-04  1.80616E-04  1.86533E-04  0.00000E+00  1.42946E-04  4.18113E-03
       405  1.00000E+01  2.46835E+03  0.00000E+00 -1.79500E-04  1.80368E-04  1.86359E-04  0.00000E+00  1.42365E-04  4.19536E-03
       406  1.00000E+01  2.47835E+03  0.00000E+00 -1.79317E-04  1.80124E-04  1.86188E-04  0.00000E+00  1.41963E-04  4.20956E-03
       407  1.00000E+01  2.48835E+03  0.00000E+00 -1.79508E-04  1.80254E-04  1.85883E-04  0.00000E+00  1.41759E-04  4.22374E-03
       408  1.00000E+01  2.49835E+03  0.00000E+00 -1.78894E-04  1.80123E-04  1.85791E-04  0.00000E+00  1.41283E-04  4.23786E-03
       409  1.00000E+01  2.50835E+03  0.00000E+00 -1.78785E-04  1.79922E-04  1.85655E-04  0.00000E+00  1.41336E-04  4.25200E-03
       410  1.00000E+01  2.51835E+03  0.00000E+00 -1.78639E-04  1.79688E-04  1.85499E-04  0.00000E+00  1.41492E-04  4.26615E-03
       411  1.00000E+01  2.52835E+03  0.00000E+00 -1.78478E-04  1.79444E-04  1.85342E-04  0.00000E+00  1.41736E-04  4.28032E-03
       412  1.00000E+01  2.53835E+03  0.00000E+00 -1.78313E-04  1.79198E-04  1.85185E-04  0.00000E+00  1.41335E-04  4.29445E-03
       413  1.00000E+01  2.54835E+03  0.00000E+00 -1.78569E-04  1.79376E-04  1.84880E-04  0.00000E+00  1.41460E-04  4.30860E-03
       414  1.00000E+01  2.55835E+03  0.00000E+00 -1.77925E-04  1.79239E-04  1.84790E-04  0.00000E+00  1.41646E-04  4.32276E-03
       415  1.00000E+01  2.56835E+03  0.00000E+00 -1.78238E-04  1.79452E-04  1.84503E-04  0.00000E+00  1.41052E-04  4.33687E-03
       416  1.00000E+01  2.57835E+03  0.00000E+00 -1.77623E-04  1.79325E-04  1.84418E-04  0.00000E+00  1.40877E-04  4.35096E-03
       417  1.00000E+01  2.58835E+03  0.00000E+00 -1.78291E-04  1.79868E-04  1.84095E-04  0.00000E+00  1.40668E-04  4.36502E-03
       418  1.00000E+01  2.59835E+03  0.00000E+00 -1.77362E-04  1.79755E-04  1.84008E-04  0.00000E+00  1.40626E-04  4.37909E-03
       419  1.00000E+01  2.60835E+03  0.00000E+00 -1.77327E-04  1.79553E-04  1.83868E-04  0.00000E+00  1.40118E-04  4.39310E-03
       420  1.00000E+01  2.61835E+03  0.00000E+00 -1.77223E-04  1.79307E-04  1.83701E-04  0.00000E+00  1.39845E-04  4.40708E-03
       421  1.00000E+01  2.62835E+03  0.00000E+00 -1.77095E-04  1.79045E-04  1.83527E-04  0.00000E+00  1.39778E-04  4.42106E-03
       422  1.00000E+01  2.63835E+03  0.00000E+00 -1.76961E-04  1.78780E-04  1.83352E-04  0.00000E+00  1.39322E-04  4.43499E-03
       423  1.00000E+01  2.64835E+03  0.00000E+00 -1.76823E-04  1.78517E-04  1.83178E-04  0.00000E+00  1.39585E-04  4.44895E-03
       424  1.00000E+01  2.65835E+03  0.00000E+00 -1.76683E-04  1.78253E-04  1.83004E-04  0.00000E+00  1.39129E-04  4.46286E-03
       425  1.00000E+01  2.66835E+03  0.00000E+00 -1.76540E-04  1.77992E-04  1.82831E-04  0.00000E+00  1.39227E-04  4.47679E-03
       426  1.00000E+01  2.67835E+03  0.00000E+00 -1.76396E-04  1.77732E-04  1.82659E-04  0.00000E+00  1.39312E-04  4.49072E-03
       427  1.00000E+01  2.68835E+03  0.00000E+00 -1.76251E-04  1.77473E-04  1.82488E-04  0.00000E+00  1.39401E-04  4.50466E-03
       428  1.00000E+01  2.69835E+03  0.00000E+00 -1.76096E-04  1.77220E-04  1.82320E-04  0.00000E+00  1.38793E-04  4.51854E-03
       429  1.00000E+01  2.70835E+03  0.00000E+00 -1.75935E-04  1.76971E-04  1.82156E-04  0.00000E+00  1.39072E-04  4.53245E-03
       430  1.00000E+01  2.71835E+03  0.00000E+00 -1.75776E-04  1.76726E-04  1.81997E-04  0.00000E+00  1.39048E-04  4.54635E-03
       431  1.00000E+01  2.72835E+03  0.00000E+00 -1.75616E-04  1.76483E-04  1.81851E-04  0.00000E+00  1.39161E-04  4.56027E-03
       432  1.00000E+01  2.73835E+03  0.00000E+00 -1.75457E-04  1.76243E-04  1.81707E-04  0.00000E+00  1.38902E-04  4.57416E-03
       433  1.00000E+01  2.74835E+03  0.00000E+00 -1.75296E-04  1.76004E-04  1.81566E-04  0.00000E+00  1.38517E-04  4.58801E-03
       434  1.00000E+01  2.75835E+03  0.00000E+00 -1.75137E-04  1.75769E-04  1.81430E-04  0.00000E+00  1.38088E-04  4.60182E-03
       435  1.00000E+01  2.76835E+03  0.00000E+00 -1.74977E-04  1.75535E-04  1.81295E-04  0.00000E+00  1.38180E-04  4.61564E-03
       436  1.00000E+01  2.77835E+03  0.00000E+00 -1.74812E-04  1.75305E-04  1.81162E-04  0.00000E+00  1.37988E-04  4.62943E-03
       437  1.00000E+01  2.78835E+03  0.00000E+00 -1.74642E-04  1.75079E-04  1.81031E-04  0.00000E+00  1.37727E-04  4.64321E-03
       438  1.00000E+01  2.79835E+03  0.00000E+00 -1.74474E-04  1.74856E-04  1.80902E-04  0.00000E+00  1.37225E-04  4.65693E-03
       439  1.00000E+01  2.80835E+03  0.00000E+00 -1.74306E-04  1.74635E-04  1.80773E-04  0.00000E+00  1.36844E-04  4.67061E-03
       440  1.00000E+01  2.81835E+03  0.00000E+00 -1.74651E-04  1.74929E-04  1.80476E-04  0.00000E+00  1.36347E-04  4.68425E-03
       441  1.00000E+01  2.82835E+03  0.00000E+00 -1.73893E-04  1.74845E-04  1.80429E-04  0.00000E+00  1.36268E-04  4.69787E-03
       442  1.00000E+01  2.83835E+03  0.00000E+00 -1.73804E-04  1.74686E-04  1.80335E-04  0.00000E+00  1.35859E-04  4.71146E-03
       443  1.00000E+01  2.84835E+03  0.00000E+00 -1.73671E-04  1.74488E-04  1.80214E-04  0.00000E+00  1.35956E-04  4.72506E-03
       444  1.00000E+01  2.85835E+03  0.00000E+00 -1.73521E-04  1.74278E-04  1.80085E-04  0.00000E+00  1.36100E-04  4.73867E-03
       445  1.00000E+01  2.86835E+03  0.00000E+00 -1.73366E-04  1.74065E-04  1.79954E-04  0.00000E+00  1.35756E-04  4.75224E-03
       446  1.00000E+01  2.87835E+03  0.00000E+00 -1.73210E-04  1.73852E-04  1.79823E-04  0.00000E+00  1.35295E-04  4.76577E-03
       447  1.00000E+01  2.88835E+03  0.00000E+00 -1.73048E-04  1.73641E-04  1.79693E-04  0.00000E+00  1.34864E-04  4.77926E-03
       448  1.00000E+01  2.89835E+03  0.00000E+00 -1.72879E-04  1.73434E-04  1.79564E-04  0.00000E+00  1.34714E-04  4.79273E-03
       449  1.00000E+01  2.90835E+03  0.00000E+00 -1.72697E-04  1.73230E-04  1.79438E-04  0.00000E+00  1.34979E-04  4.80623E-03
       450  1.00000E+01  2.91835E+03  0.00000E+00 -1.72517E-04  1.73029E-04  1.79312E-04  0.00000E+00  1.34486E-04  4.81968E-03
       451  1.00000E+01  2.92835E+03  0.00000E+00 -1.72340E-04  1.72830E-04  1.79187E-04  0.00000E+00  1.35027E-04  4.83318E-03
       452  1.00000E+01  2.93835E+03  0.00000E+00 -1.72164E-04  1.72633E-04  1.79063E-04  0.00000E+00  1.34528E-04  4.84663E-03
       453  1.00000E+01  2.94835E+03  0.00000E+00 -1.71990E-04  1.72437E-04  1.78939E-04  0.00000E+00  1.34576E-04  4.86009E-03
       454  1.00000E+01  2.95835E+03  0.00000E+00 -1.71816E-04  1.72242E-04  1.78816E-04  0.00000E+00  1.34546E-04  4.87354E-03
       455  1.00000E+01  2.96835E+03  0.00000E+00 -1.72031E-04  1.72436E-04  1.78550E-04  0.00000E+00  1.34221E-04  4.88697E-03
       456  1.00000E+01  2.97835E+03  0.00000E+00 -1.72106E-04  1.73042E-04  1.78268E-04  0.00000E+00  1.33681E-04  4.90033E-03
       457  1.00000E+01  2.98835E+03  0.00000E+00 -1.71198E-04  1.73044E-04  1.78268E-04  0.00000E+00  1.33689E-04  4.91370E-03
       458  1.00000E+01  2.99835E+03  0.00000E+00 -1.71163E-04  1.72926E-04  1.78189E-04  0.00000E+00  1.34094E-04  4.92711E-03
       459  1.00000E+01  3.00835E+03  0.00000E+00 -1.71058E-04  1.72745E-04  1.78069E-04  0.00000E+00  1.34667E-04  4.94058E-03
       460  1.00000E+01  3.01835E+03  0.00000E+00 -1.70923E-04  1.72542E-04  1.77934E-04  0.00000E+00  1.34925E-04  4.95407E-03
       461  1.00000E+01  3.02835E+03  0.00000E+00 -1.70775E-04  1.72332E-04  1.77795E-04  0.00000E+00  1.35041E-04  4.96758E-03
       462  1.00000E+01  3.03835E+03  0.00000E+00 -1.70625E-04  1.72123E-04  1.77656E-04  0.00000E+00  1.34542E-04  4.98103E-03
       463  1.00000E+01  3.04835E+03  0.00000E+00 -1.70472E-04  1.71914E-04  1.77522E-04  0.00000E+00  1.34160E-04  4.99445E-03
       464  1.00000E+01  3.05835E+03  0.00000E+00 -1.70318E-04  1.71707E-04  1.77389E-04  0.00000E+00  1.33700E-04  5.00782E-03
       465  1.00000E+01  3.06835E+03  0.00000E+00 -1.70537E-04  1.71874E-04  1.77113E-04  0.00000E+00  1.33842E-04  5.02120E-03
       466  1.00000E+01  3.07835E+03  0.00000E+00 -1.70358E-04  1.72178E-04  1.76893E-04  0.00000E+00  1.33442E-04  5.03454E-03
       467  1.00000E+01  3.08835E+03  0.00000E+00 -1.69801E-04  1.72118E-04  1.76852E-04  0.00000E+00  1.33359E-04  5.04788E-03
       468  1.00000E+01  3.09835E+03  0.00000E+00 -1.69745E-04  1.71958E-04  1.76751E-04  0.00000E+00  1.33915E-04  5.06127E-03
       469  1.00000E+01  3.10835E+03  0.00000E+00 -1.69638E-04  1.71755E-04  1.76621E-04  0.00000E+00  1.33386E-04  5.07461E-03
       470  1.00000E+01  3.11835E+03  0.00000E+00 -1.69512E-04  1.71536E-04  1.76482E-04  0.00000E+00  1.33226E-04  5.08793E-03
       471  1.00000E+01  3.12835E+03  0.00000E+00 -1.69379E-04  1.71315E-04  1.76340E-04  0.00000E+00  1.32747E-04  5.10121E-03
       472  1.00000E+01  3.13835E+03  0.00000E+00 -1.69242E-04  1.71092E-04  1.76198E-04  0.00000E+00  1.32690E-04  5.11448E-03
       473  1.00000E+01  3.14835E+03  0.00000E+00 -1.69103E-04  1.70870E-04  1.76056E-04  0.00000E+00  1.32234E-04  5.12770E-03
       474  1.00000E+01  3.15835E+03  0.00000E+00 -1.68961E-04  1.70649E-04  1.75915E-04  0.00000E+00  1.32431E-04  5.14094E-03
       475  1.00000E+01  3.16835E+03  0.00000E+00 -1.68818E-04  1.70429E-04  1.75774E-04  0.00000E+00  1.32060E-04  5.15415E-03
       476  1.00000E+01  3.17835E+03  0.00000E+00 -1.68674E-04  1.70210E-04  1.75633E-04  0.00000E+00  1.31663E-04  5.16731E-03
       477  1.00000E+01  3.18835E+03  0.00000E+00 -1.68530E-04  1.69993E-04  1.75495E-04  0.00000E+00  1.31244E-04  5.18044E-03
       478  1.00000E+01  3.19835E+03  0.00000E+00 -1.68386E-04  1.69778E-04  1.75357E-04  0.00000E+00  1.31090E-04  5.19355E-03
       479  1.00000E+01  3.20835E+03  0.00000E+00 -1.68240E-04  1.69563E-04  1.75220E-04  0.00000E+00  1.31525E-04  5.20670E-03
       480  1.00000E+01  3.21835E+03  0.00000E+00 -1.68094E-04  1.69350E-04  1.75084E-04  0.00000E+00  1.31092E-04  5.21981E-03
       481  1.00000E+01  3.22835E+03  0.00000E+00 -1.67948E-04  1.69139E-04  1.74949E-04  0.00000E+00  1.30797E-04  5.23289E-03
       482  1.00000E+01  3.23835E+03  0.00000E+00 -1.67802E-04  1.68928E-04  1.74814E-04  0.00000E+00  1.30401E-04  5.24593E-03
       483  1.00000E+01  3.24835E+03  0.00000E+00 -1.67655E-04  1.68719E-04  1.74680E-04  0.00000E+00  1.30024E-04  5.25893E-03
       484  1.00000E+01  3.25835E+03  0.00000E+00 -1.67818E-04  1.68821E-04  1.74455E-04  0.00000E+00  1.29756E-04  5.27191E-03
       485  1.00000E+01  3.26835E+03  0.00000E+00 -1.67351E-04  1.68683E-04  1.74361E-04  0.00000E+00  1.29999E-04  5.28491E-03
       486  1.00000E+01  3.27835E+03  0.00000E+00 -1.67254E-04  1.68495E-04  1.74236E-04  0.00000E+00  1.31094E-04  5.29802E-03
       487  1.00000E+01  3.28835E+03  0.00000E+00 -1.67133E-04  1.68287E-04  1.74099E-04  0.00000E+00  1.31212E-04  5.31114E-03
       488  1.00000E+01  3.29835E+03  0.00000E+00 -1.67207E-04  1.68278E-04  1.73900E-04  0.00000E+00  1.30897E-04  5.32423E-03
       489  1.00000E+01  3.30835E+03  0.00000E+00 -1.66878E-04  1.68091E-04  1.73782E-04  0.00000E+00  1.31885E-04  5.33742E-03
       490  1.00000E+01  3.31835E+03  0.00000E+00 -1.66777E-04  1.67892E-04  1.73651E-04  0.00000E+00  1.31285E-04  5.35054E-03
       491  1.00000E+01  3.32835E+03  0.00000E+00 -1.66658E-04  1.67689E-04  1.73514E-04  0.00000E+00  1.30785E-04  5.36362E-03
       492  1.00000E+01  3.33835E+03  0.00000E+00 -1.66530E-04  1.67484E-04  1.73375E-04  0.00000E+00  1.30590E-04  5.37668E-03
       493  1.00000E+01  3.34835E+03  0.00000E+00 -1.66398E-04  1.67282E-04  1.73239E-04  0.00000E+00  1.30149E-04  5.38970E-03
       494  1.00000E+01  3.35835E+03  0.00000E+00 -1.66262E-04  1.67082E-04  1.73103E-04  0.00000E+00  1.30011E-04  5.40270E-03
       495  1.00000E+01  3.36835E+03  0.00000E+00 -1.66124E-04  1.66883E-04  1.72970E-04  0.00000E+00  1.30071E-04  5.41571E-03
       496  1.00000E+01  3.37835E+03  0.00000E+00 -1.65985E-04  1.66687E-04  1.72838E-04  0.00000E+00  1.29635E-04  5.42867E-03
       497  1.00000E+01  3.38835E+03  0.00000E+00 -1.65845E-04  1.66492E-04  1.72707E-04  0.00000E+00  1.29615E-04  5.44163E-03
       498  1.00000E+01  3.39835E+03  0.00000E+00 -1.65703E-04  1.66299E-04  1.72578E-04  0.00000E+00  1.29846E-04  5.45462E-03
       499  1.00000E+01  3.40835E+03  0.00000E+00 -1.65561E-04  1.66106E-04  1.72452E-04  0.00000E+00  1.29686E-04  5.46758E-03
       500  1.00000E+01  3.41835E+03  0.00000E+00 -1.65411E-04  1.65918E-04  1.72329E-04  0.00000E+00  1.29250E-04  5.48051E-03
       501  1.00000E+01  3.42835E+03  0.00000E+00 -1.65262E-04  1.65733E-04  1.72208E-04  0.00000E+00  1.29252E-04  5.49343E-03
       502  1.00000E+01  3.43835E+03  0.00000E+00 -1.65113E-04  1.65549E-04  1.72087E-04  0.00000E+00  1.29367E-04  5.50637E-03
       503  1.00000E+01  3.44835E+03  0.00000E+00 -1.64963E-04  1.65367E-04  1.71968E-04  0.00000E+00  1.28934E-04  5.51926E-03
       504  1.00000E+01  3.45835E+03  0.00000E+00 -1.65294E-04  1.65680E-04  1.71686E-04  0.00000E+00  1.28336E-04  5.53210E-03
       505  1.00000E+01  3.46835E+03  0.00000E+00 -1.64568E-04  1.65631E-04  1.71648E-04  0.00000E+00  1.28226E-04  5.54492E-03
       506  1.00000E+01  3.47835E+03  0.00000E+00 -1.64494E-04  1.65506E-04  1.71562E-04  0.00000E+00  1.28154E-04  5.55774E-03
       507  1.00000E+01  3.48835E+03  0.00000E+00 -1.64378E-04  1.65343E-04  1.71451E-04  0.00000E+00  1.27848E-04  5.57052E-03
       508  1.00000E+01  3.49835E+03  0.00000E+00 -1.64247E-04  1.65166E-04  1.71332E-04  0.00000E+00  1.28078E-04  5.58333E-03
       509  1.00000E+01  3.50835E+03  0.00000E+00 -1.64110E-04  1.64986E-04  1.71211E-04  0.00000E+00  1.27704E-04  5.59610E-03
       510  1.00000E+01  3.51835E+03  0.00000E+00 -1.63972E-04  1.64805E-04  1.71089E-04  0.00000E+00  1.27626E-04  5.60886E-03
       511  1.00000E+01  3.52835E+03  0.00000E+00 -1.63833E-04  1.64625E-04  1.70968E-04  0.00000E+00  1.27476E-04  5.62161E-03
       512  1.00000E+01  3.53835E+03  0.00000E+00 -1.63694E-04  1.64445E-04  1.70847E-04  0.00000E+00  1.27261E-04  5.63434E-03
       513  1.00000E+01  3.54835E+03  0.00000E+00 -1.63554E-04  1.64266E-04  1.70726E-04  0.00000E+00  1.27507E-04  5.64709E-03
       514  1.00000E+01  3.55835E+03  0.00000E+00 -1.63407E-04  1.64088E-04  1.70606E-04  0.00000E+00  1.27138E-04  5.65980E-03
       515  1.00000E+01  3.56835E+03  0.00000E+00 -1.63261E-04  1.63911E-04  1.70488E-04  0.00000E+00  1.27275E-04  5.67253E-03
       516  1.00000E+01  3.57835E+03  0.00000E+00 -1.63570E-04  1.64190E-04  1.70148E-04  0.00000E+00  1.26853E-04  5.68521E-03
       517  1.00000E+01  3.58835E+03  0.00000E+00 -1.62885E-04  1.64145E-04  1.70143E-04  0.00000E+00  1.26616E-04  5.69787E-03
       518  5.82254E+00  3.59418E+03  0.00000E+00 -1.62424E-04  1.63407E-04  1.70286E-04  0.00000E+00  1.26948E-04  5.70527E-03
       519  5.82254E+00  3.60000E+03  0.00000E+00 -1.62570E-04  1.63490E-04  1.70246E-04  0.00000E+00  1.27030E-04  5.71266E-03
