#NSTEP     DELTAT       TIME   NET NATM,NSF DIR FLUX   NET NATM,NSF NEU FLUX
     1  1.000E-02  1.000E-02             0.00000E+00             0.00000E+00
     2  5.000E-03  1.500E-02             0.00000E+00             0.00000E+00
     3  5.500E-03  2.050E-02             0.00000E+00             0.00000E+00
     4  6.050E-03  2.655E-02             0.00000E+00             0.00000E+00
     5  6.050E-03  3.260E-02             0.00000E+00             0.00000E+00
     6  6.050E-03  3.865E-02             0.00000E+00             0.00000E+00
     7  6.050E-03  4.470E-02             0.00000E+00             0.00000E+00
     8  3.025E-03  4.773E-02             0.00000E+00             0.00000E+00
     9  3.328E-03  5.105E-02             0.00000E+00             0.00000E+00
    10  3.660E-03  5.471E-02             0.00000E+00             0.00000E+00
    11  3.660E-03  5.837E-02             0.00000E+00             0.00000E+00
    12  4.026E-03  6.240E-02             0.00000E+00             0.00000E+00
    13  4.026E-03  6.643E-02             0.00000E+00             0.00000E+00
    14  4.026E-03  7.045E-02             0.00000E+00             0.00000E+00
    15  4.026E-03  7.448E-02             0.00000E+00             0.00000E+00
    16  4.026E-03  7.850E-02             0.00000E+00             0.00000E+00
    17  4.026E-03  8.253E-02             0.00000E+00             0.00000E+00
    18  4.026E-03  8.656E-02             0.00000E+00             0.00000E+00
    19  4.026E-03  9.058E-02             0.00000E+00             0.00000E+00
    20  4.026E-03  9.461E-02             0.00000E+00             0.00000E+00
    21  4.026E-03  9.864E-02             0.00000E+00             0.00000E+00
    22  4.429E-03  1.031E-01             0.00000E+00             0.00000E+00
    23  4.429E-03  1.075E-01             0.00000E+00             0.00000E+00
    24  4.429E-03  1.119E-01             0.00000E+00             0.00000E+00
    25  4.429E-03  1.164E-01             0.00000E+00             0.00000E+00
    26  4.429E-03  1.208E-01             0.00000E+00             0.00000E+00
    27  4.429E-03  1.252E-01             0.00000E+00             0.00000E+00
    28  4.429E-03  1.296E-01             0.00000E+00             0.00000E+00
    29  4.429E-03  1.341E-01             0.00000E+00             0.00000E+00
    30  4.429E-03  1.385E-01             0.00000E+00             0.00000E+00
    31  4.429E-03  1.429E-01             0.00000E+00             0.00000E+00
    32  4.429E-03  1.474E-01             0.00000E+00             0.00000E+00
    33  4.429E-03  1.518E-01             0.00000E+00             0.00000E+00
    34  4.429E-03  1.562E-01             0.00000E+00             0.00000E+00
    35  4.429E-03  1.606E-01             0.00000E+00             0.00000E+00
    36  4.872E-03  1.655E-01             0.00000E+00             0.00000E+00
    37  4.872E-03  1.704E-01             0.00000E+00             0.00000E+00
    38  4.872E-03  1.753E-01             0.00000E+00             0.00000E+00
    39  4.872E-03  1.801E-01             0.00000E+00             0.00000E+00
    40  5.359E-03  1.855E-01             0.00000E+00             0.00000E+00
    41  5.359E-03  1.908E-01             0.00000E+00             0.00000E+00
    42  5.895E-03  1.967E-01             0.00000E+00             0.00000E+00
    43  5.895E-03  2.026E-01             0.00000E+00             0.00000E+00
    44  5.895E-03  2.085E-01             0.00000E+00             0.00000E+00
    45  5.895E-03  2.144E-01             0.00000E+00             0.00000E+00
    46  5.895E-03  2.203E-01             0.00000E+00             0.00000E+00
    47  5.895E-03  2.262E-01             0.00000E+00             0.00000E+00
    48  5.895E-03  2.321E-01             0.00000E+00             0.00000E+00
    49  5.895E-03  2.380E-01             0.00000E+00             0.00000E+00
    50  5.895E-03  2.439E-01             0.00000E+00             0.00000E+00
    51  5.895E-03  2.498E-01             0.00000E+00             0.00000E+00
    52  5.895E-03  2.557E-01             0.00000E+00             0.00000E+00
    53  6.484E-03  2.622E-01             0.00000E+00             0.00000E+00
    54  6.484E-03  2.687E-01             0.00000E+00             0.00000E+00
    55  6.484E-03  2.751E-01             0.00000E+00             0.00000E+00
    56  7.133E-03  2.823E-01             0.00000E+00             0.00000E+00
    57  7.133E-03  2.894E-01             0.00000E+00             0.00000E+00
    58  7.133E-03  2.965E-01             0.00000E+00             0.00000E+00
    59  7.846E-03  3.044E-01             0.00000E+00             0.00000E+00
    60  7.846E-03  3.122E-01             0.00000E+00             0.00000E+00
    61  7.846E-03  3.201E-01             0.00000E+00             0.00000E+00
    62  8.631E-03  3.287E-01             0.00000E+00             0.00000E+00
    63  8.631E-03  3.373E-01             0.00000E+00             0.00000E+00
    64  9.494E-03  3.468E-01             0.00000E+00             0.00000E+00
    65  9.494E-03  3.563E-01             0.00000E+00             0.00000E+00
    66  9.494E-03  3.658E-01             0.00000E+00             0.00000E+00
    67  9.494E-03  3.753E-01             0.00000E+00             0.00000E+00
    68  1.044E-02  3.858E-01             0.00000E+00             0.00000E+00
    69  1.044E-02  3.962E-01             0.00000E+00             0.00000E+00
    70  1.149E-02  4.077E-01             0.00000E+00             0.00000E+00
    71  1.264E-02  4.203E-01             0.00000E+00             0.00000E+00
    72  1.390E-02  4.342E-01             0.00000E+00             0.00000E+00
    73  1.390E-02  4.481E-01             0.00000E+00             0.00000E+00
    74  1.529E-02  4.634E-01             0.00000E+00             0.00000E+00
    75  1.682E-02  4.802E-01             0.00000E+00             0.00000E+00
    76  1.850E-02  4.987E-01             0.00000E+00             0.00000E+00
    77  1.850E-02  5.172E-01             0.00000E+00             0.00000E+00
    78  2.035E-02  5.376E-01             0.00000E+00             0.00000E+00
    79  2.239E-02  5.600E-01             0.00000E+00             0.00000E+00
    80  2.239E-02  5.824E-01             0.00000E+00             0.00000E+00
    81  2.239E-02  6.047E-01             0.00000E+00             0.00000E+00
    82  2.462E-02  6.294E-01             0.00000E+00             0.00000E+00
    83  2.462E-02  6.540E-01             0.00000E+00             0.00000E+00
    84  2.709E-02  6.811E-01             0.00000E+00             0.00000E+00
    85  2.980E-02  7.109E-01             0.00000E+00             0.00000E+00
    86  2.980E-02  7.407E-01             0.00000E+00             0.00000E+00
    87  3.277E-02  7.734E-01             0.00000E+00             0.00000E+00
    88  3.605E-02  8.095E-01             0.00000E+00             0.00000E+00
    89  3.966E-02  8.492E-01             0.00000E+00             0.00000E+00
    90  4.362E-02  8.928E-01             0.00000E+00             0.00000E+00
    91  4.799E-02  9.408E-01             0.00000E+00             0.00000E+00
    92  5.278E-02  9.935E-01             0.00000E+00             0.00000E+00
    93  5.278E-02  1.046E+00             0.00000E+00             0.00000E+00
    94  5.806E-02  1.104E+00             0.00000E+00             0.00000E+00
    95  5.806E-02  1.162E+00             0.00000E+00             0.00000E+00
    96  6.387E-02  1.226E+00             0.00000E+00             0.00000E+00
    97  6.387E-02  1.290E+00             0.00000E+00             0.00000E+00
    98  7.026E-02  1.360E+00             0.00000E+00             0.00000E+00
    99  7.728E-02  1.438E+00             0.00000E+00             0.00000E+00
   100  7.728E-02  1.515E+00             0.00000E+00             0.00000E+00
   101  8.501E-02  1.600E+00             0.00000E+00             0.00000E+00
   102  8.501E-02  1.685E+00             0.00000E+00             0.00000E+00
   103  9.351E-02  1.779E+00             0.00000E+00             0.00000E+00
   104  9.351E-02  1.872E+00             0.00000E+00             0.00000E+00
   105  1.029E-01  1.975E+00             0.00000E+00             0.00000E+00
   106  1.131E-01  2.088E+00             0.00000E+00             0.00000E+00
   107  1.245E-01  2.213E+00             0.00000E+00             0.00000E+00
   108  1.369E-01  2.349E+00             0.00000E+00             0.00000E+00
   109  1.369E-01  2.486E+00             0.00000E+00             0.00000E+00
   110  1.506E-01  2.637E+00             0.00000E+00             0.00000E+00
   111  1.657E-01  2.803E+00             0.00000E+00             0.00000E+00
   112  1.822E-01  2.985E+00             0.00000E+00             0.00000E+00
   113  1.822E-01  3.167E+00             0.00000E+00             0.00000E+00
   114  2.004E-01  3.368E+00             0.00000E+00             0.00000E+00
   115  2.004E-01  3.568E+00             0.00000E+00             0.00000E+00
   116  2.205E-01  3.788E+00             0.00000E+00             0.00000E+00
   117  2.425E-01  4.031E+00             0.00000E+00             0.00000E+00
   118  2.425E-01  4.274E+00             0.00000E+00             0.00000E+00
   119  2.668E-01  4.540E+00             0.00000E+00             0.00000E+00
   120  2.935E-01  4.834E+00             0.00000E+00             0.00000E+00
   121  2.935E-01  5.127E+00             0.00000E+00             0.00000E+00
   122  3.228E-01  5.450E+00             0.00000E+00             0.00000E+00
   123  3.228E-01  5.773E+00             0.00000E+00             0.00000E+00
   124  3.551E-01  6.128E+00             0.00000E+00             0.00000E+00
   125  3.551E-01  6.483E+00             0.00000E+00             0.00000E+00
   126  3.906E-01  6.874E+00             0.00000E+00             0.00000E+00
   127  4.297E-01  7.303E+00             0.00000E+00             0.00000E+00
   128  4.297E-01  7.733E+00             0.00000E+00             0.00000E+00
   129  4.726E-01  8.206E+00             0.00000E+00             0.00000E+00
   130  5.199E-01  8.726E+00             0.00000E+00             0.00000E+00
   131  5.719E-01  9.298E+00             0.00000E+00             0.00000E+00
   132  5.719E-01  9.870E+00             0.00000E+00             0.00000E+00
   133  6.291E-01  1.050E+01             0.00000E+00             0.00000E+00
   134  6.920E-01  1.119E+01             0.00000E+00             0.00000E+00
   135  7.612E-01  1.195E+01             0.00000E+00             0.00000E+00
   136  8.373E-01  1.279E+01             0.00000E+00             0.00000E+00
   137  9.211E-01  1.371E+01             0.00000E+00             0.00000E+00
   138  1.013E+00  1.472E+01             0.00000E+00             0.00000E+00
   139  1.013E+00  1.574E+01             0.00000E+00             0.00000E+00
   140  1.114E+00  1.685E+01             0.00000E+00             0.00000E+00
   141  1.226E+00  1.808E+01             0.00000E+00             0.00000E+00
   142  1.349E+00  1.943E+01             0.00000E+00             0.00000E+00
   143  1.349E+00  2.077E+01             0.00000E+00             0.00000E+00
   144  1.483E+00  2.226E+01             0.00000E+00             0.00000E+00
   145  1.483E+00  2.374E+01             0.00000E+00             0.00000E+00
   146  1.483E+00  2.522E+01             0.00000E+00             0.00000E+00
   147  1.632E+00  2.686E+01             0.00000E+00             0.00000E+00
   148  1.795E+00  2.865E+01             0.00000E+00             0.00000E+00
   149  1.795E+00  3.045E+01             0.00000E+00             0.00000E+00
   150  1.974E+00  3.242E+01             0.00000E+00             0.00000E+00
   151  2.172E+00  3.459E+01             0.00000E+00             0.00000E+00
   152  2.389E+00  3.698E+01             0.00000E+00             0.00000E+00
   153  2.628E+00  3.961E+01             0.00000E+00             0.00000E+00
   154  2.891E+00  4.250E+01             0.00000E+00             0.00000E+00
   155  3.180E+00  4.568E+01             0.00000E+00             0.00000E+00
   156  3.498E+00  4.918E+01             0.00000E+00             0.00000E+00
   157  3.498E+00  5.267E+01             0.00000E+00             0.00000E+00
   158  3.498E+00  5.617E+01             0.00000E+00             0.00000E+00
   159  3.847E+00  6.002E+01             0.00000E+00             0.00000E+00
   160  4.232E+00  6.425E+01             0.00000E+00             0.00000E+00
   161  4.232E+00  6.848E+01             0.00000E+00             0.00000E+00
   162  4.232E+00  7.272E+01             0.00000E+00             0.00000E+00
   163  4.655E+00  7.737E+01             0.00000E+00             0.00000E+00
   164  5.121E+00  8.249E+01             0.00000E+00             0.00000E+00
   165  5.121E+00  8.761E+01             0.00000E+00             0.00000E+00
   166  5.633E+00  9.325E+01             0.00000E+00             0.00000E+00
   167  6.196E+00  9.944E+01             0.00000E+00             0.00000E+00
   168  6.816E+00  1.063E+02             0.00000E+00             0.00000E+00
   169  7.498E+00  1.138E+02             0.00000E+00             0.00000E+00
   170  8.247E+00  1.220E+02             0.00000E+00             0.00000E+00
   171  8.247E+00  1.303E+02             0.00000E+00             0.00000E+00
   172  9.072E+00  1.393E+02             0.00000E+00             0.00000E+00
   173  9.072E+00  1.484E+02             0.00000E+00             0.00000E+00
   174  9.979E+00  1.584E+02             0.00000E+00             0.00000E+00
   175  9.979E+00  1.684E+02             0.00000E+00             0.00000E+00
   176  1.000E+01  1.784E+02             0.00000E+00             0.00000E+00
   177  1.000E+01  1.884E+02             0.00000E+00             0.00000E+00
   178  1.000E+01  1.984E+02             0.00000E+00             0.00000E+00
   179  1.000E+01  2.084E+02             0.00000E+00             0.00000E+00
   180  1.000E+01  2.184E+02             0.00000E+00             0.00000E+00
   181  1.000E+01  2.284E+02             0.00000E+00             0.00000E+00
   182  1.000E+01  2.384E+02             0.00000E+00             0.00000E+00
   183  1.000E+01  2.484E+02             0.00000E+00             0.00000E+00
   184  1.000E+01  2.584E+02             0.00000E+00             0.00000E+00
   185  1.000E+01  2.684E+02             0.00000E+00             0.00000E+00
   186  1.000E+01  2.784E+02             0.00000E+00             0.00000E+00
   187  1.000E+01  2.884E+02             0.00000E+00             0.00000E+00
   188  1.000E+01  2.984E+02             0.00000E+00             0.00000E+00
   189  1.000E+01  3.084E+02             0.00000E+00             0.00000E+00
   190  1.000E+01  3.184E+02             0.00000E+00             0.00000E+00
   191  1.000E+01  3.284E+02             0.00000E+00             0.00000E+00
   192  1.000E+01  3.384E+02             0.00000E+00             0.00000E+00
   193  1.000E+01  3.484E+02             0.00000E+00             0.00000E+00
   194  1.000E+01  3.584E+02             0.00000E+00             0.00000E+00
   195  1.000E+01  3.684E+02             0.00000E+00             0.00000E+00
   196  1.000E+01  3.784E+02             0.00000E+00             0.00000E+00
   197  1.000E+01  3.884E+02             0.00000E+00             0.00000E+00
   198  1.000E+01  3.984E+02             0.00000E+00             0.00000E+00
   199  1.000E+01  4.084E+02             0.00000E+00             0.00000E+00
   200  1.000E+01  4.184E+02             0.00000E+00             0.00000E+00
   201  1.000E+01  4.284E+02             0.00000E+00             0.00000E+00
   202  1.000E+01  4.384E+02             0.00000E+00             0.00000E+00
   203  1.000E+01  4.484E+02             0.00000E+00             0.00000E+00
   204  1.000E+01  4.584E+02             0.00000E+00             0.00000E+00
   205  1.000E+01  4.684E+02             0.00000E+00             0.00000E+00
   206  1.000E+01  4.784E+02             0.00000E+00             0.00000E+00
   207  1.000E+01  4.884E+02             0.00000E+00             0.00000E+00
   208  1.000E+01  4.984E+02             0.00000E+00             0.00000E+00
   209  1.000E+01  5.084E+02             0.00000E+00             0.00000E+00
   210  1.000E+01  5.184E+02             0.00000E+00             0.00000E+00
   211  1.000E+01  5.284E+02             0.00000E+00             0.00000E+00
   212  1.000E+01  5.384E+02             0.00000E+00             0.00000E+00
   213  1.000E+01  5.484E+02             0.00000E+00             0.00000E+00
   214  1.000E+01  5.584E+02             0.00000E+00             0.00000E+00
   215  1.000E+01  5.684E+02             0.00000E+00             0.00000E+00
   216  1.000E+01  5.784E+02             0.00000E+00             0.00000E+00
   217  1.000E+01  5.884E+02             0.00000E+00             0.00000E+00
   218  1.000E+01  5.984E+02             0.00000E+00             0.00000E+00
   219  1.000E+01  6.084E+02             0.00000E+00             0.00000E+00
   220  1.000E+01  6.184E+02             0.00000E+00             0.00000E+00
   221  1.000E+01  6.284E+02             0.00000E+00             0.00000E+00
   222  1.000E+01  6.384E+02             0.00000E+00             0.00000E+00
   223  1.000E+01  6.484E+02             0.00000E+00             0.00000E+00
   224  1.000E+01  6.584E+02             0.00000E+00             0.00000E+00
   225  1.000E+01  6.684E+02             0.00000E+00             0.00000E+00
   226  1.000E+01  6.784E+02             0.00000E+00             0.00000E+00
   227  1.000E+01  6.884E+02             0.00000E+00             0.00000E+00
   228  1.000E+01  6.984E+02             0.00000E+00             0.00000E+00
   229  1.000E+01  7.084E+02             0.00000E+00             0.00000E+00
   230  1.000E+01  7.184E+02             0.00000E+00             0.00000E+00
   231  1.000E+01  7.284E+02             0.00000E+00             0.00000E+00
   232  1.000E+01  7.384E+02             0.00000E+00             0.00000E+00
   233  1.000E+01  7.484E+02             0.00000E+00             0.00000E+00
   234  1.000E+01  7.584E+02             0.00000E+00             0.00000E+00
   235  1.000E+01  7.684E+02             0.00000E+00             0.00000E+00
   236  1.000E+01  7.784E+02             0.00000E+00             0.00000E+00
   237  1.000E+01  7.884E+02             0.00000E+00             0.00000E+00
   238  1.000E+01  7.984E+02             0.00000E+00             0.00000E+00
   239  1.000E+01  8.084E+02             0.00000E+00             0.00000E+00
   240  1.000E+01  8.184E+02             0.00000E+00             0.00000E+00
   241  1.000E+01  8.284E+02             0.00000E+00             0.00000E+00
   242  1.000E+01  8.384E+02             0.00000E+00             0.00000E+00
   243  1.000E+01  8.484E+02             0.00000E+00             0.00000E+00
   244  1.000E+01  8.584E+02             0.00000E+00             0.00000E+00
   245  1.000E+01  8.684E+02             0.00000E+00             0.00000E+00
   246  1.000E+01  8.784E+02             0.00000E+00             0.00000E+00
   247  1.000E+01  8.884E+02             0.00000E+00             0.00000E+00
   248  1.000E+01  8.984E+02             0.00000E+00             0.00000E+00
   249  1.000E+01  9.084E+02             0.00000E+00             0.00000E+00
   250  1.000E+01  9.184E+02             0.00000E+00             0.00000E+00
   251  1.000E+01  9.284E+02             0.00000E+00             0.00000E+00
   252  1.000E+01  9.384E+02             0.00000E+00             0.00000E+00
   253  1.000E+01  9.484E+02             0.00000E+00             0.00000E+00
   254  1.000E+01  9.584E+02             0.00000E+00             0.00000E+00
   255  1.000E+01  9.684E+02             0.00000E+00             0.00000E+00
   256  1.000E+01  9.784E+02             0.00000E+00             0.00000E+00
   257  1.000E+01  9.884E+02             0.00000E+00             0.00000E+00
   258  1.000E+01  9.984E+02             0.00000E+00             0.00000E+00
   259  1.000E+01  1.008E+03             0.00000E+00             0.00000E+00
   260  1.000E+01  1.018E+03             0.00000E+00             0.00000E+00
   261  1.000E+01  1.028E+03             0.00000E+00             0.00000E+00
   262  1.000E+01  1.038E+03             0.00000E+00             0.00000E+00
   263  1.000E+01  1.048E+03             0.00000E+00             0.00000E+00
   264  1.000E+01  1.058E+03             0.00000E+00             0.00000E+00
   265  1.000E+01  1.068E+03             0.00000E+00             0.00000E+00
   266  1.000E+01  1.078E+03             0.00000E+00             0.00000E+00
   267  1.000E+01  1.088E+03             0.00000E+00             0.00000E+00
   268  1.000E+01  1.098E+03             0.00000E+00             0.00000E+00
   269  1.000E+01  1.108E+03             0.00000E+00             0.00000E+00
   270  1.000E+01  1.118E+03             0.00000E+00             0.00000E+00
   271  1.000E+01  1.128E+03             0.00000E+00             0.00000E+00
   272  1.000E+01  1.138E+03             0.00000E+00             0.00000E+00
   273  1.000E+01  1.148E+03             0.00000E+00             0.00000E+00
   274  1.000E+01  1.158E+03             0.00000E+00             0.00000E+00
   275  1.000E+01  1.168E+03             0.00000E+00             0.00000E+00
   276  1.000E+01  1.178E+03             0.00000E+00             0.00000E+00
   277  1.000E+01  1.188E+03             0.00000E+00             0.00000E+00
   278  1.000E+01  1.198E+03             0.00000E+00             0.00000E+00
   279  1.000E+01  1.208E+03             0.00000E+00             0.00000E+00
   280  1.000E+01  1.218E+03             0.00000E+00             0.00000E+00
   281  1.000E+01  1.228E+03             0.00000E+00             0.00000E+00
   282  1.000E+01  1.238E+03             0.00000E+00             0.00000E+00
   283  1.000E+01  1.248E+03             0.00000E+00             0.00000E+00
   284  1.000E+01  1.258E+03             0.00000E+00             0.00000E+00
   285  1.000E+01  1.268E+03             0.00000E+00             0.00000E+00
   286  1.000E+01  1.278E+03             0.00000E+00             0.00000E+00
   287  1.000E+01  1.288E+03             0.00000E+00             0.00000E+00
   288  1.000E+01  1.298E+03             0.00000E+00             0.00000E+00
   289  1.000E+01  1.308E+03             0.00000E+00             0.00000E+00
   290  1.000E+01  1.318E+03             0.00000E+00             0.00000E+00
   291  1.000E+01  1.328E+03             0.00000E+00             0.00000E+00
   292  1.000E+01  1.338E+03             0.00000E+00             0.00000E+00
   293  1.000E+01  1.348E+03             0.00000E+00             0.00000E+00
   294  1.000E+01  1.358E+03             0.00000E+00             0.00000E+00
   295  1.000E+01  1.368E+03             0.00000E+00             0.00000E+00
   296  1.000E+01  1.378E+03             0.00000E+00             0.00000E+00
   297  1.000E+01  1.388E+03             0.00000E+00             0.00000E+00
   298  1.000E+01  1.398E+03             0.00000E+00             0.00000E+00
   299  1.000E+01  1.408E+03             0.00000E+00             0.00000E+00
   300  1.000E+01  1.418E+03             0.00000E+00             0.00000E+00
   301  1.000E+01  1.428E+03             0.00000E+00             0.00000E+00
   302  1.000E+01  1.438E+03             0.00000E+00             0.00000E+00
   303  1.000E+01  1.448E+03             0.00000E+00             0.00000E+00
   304  1.000E+01  1.458E+03             0.00000E+00             0.00000E+00
   305  1.000E+01  1.468E+03             0.00000E+00             0.00000E+00
   306  1.000E+01  1.478E+03             0.00000E+00             0.00000E+00
   307  1.000E+01  1.488E+03             0.00000E+00             0.00000E+00
   308  1.000E+01  1.498E+03             0.00000E+00             0.00000E+00
   309  1.000E+01  1.508E+03             0.00000E+00             0.00000E+00
   310  1.000E+01  1.518E+03             0.00000E+00             0.00000E+00
   311  1.000E+01  1.528E+03             0.00000E+00             0.00000E+00
   312  1.000E+01  1.538E+03             0.00000E+00             0.00000E+00
   313  1.000E+01  1.548E+03             0.00000E+00             0.00000E+00
   314  1.000E+01  1.558E+03             0.00000E+00             0.00000E+00
   315  1.000E+01  1.568E+03             0.00000E+00             0.00000E+00
   316  1.000E+01  1.578E+03             0.00000E+00             0.00000E+00
   317  1.000E+01  1.588E+03             0.00000E+00             0.00000E+00
   318  1.000E+01  1.598E+03             0.00000E+00             0.00000E+00
   319  1.000E+01  1.608E+03             0.00000E+00             0.00000E+00
   320  1.000E+01  1.618E+03             0.00000E+00             0.00000E+00
   321  1.000E+01  1.628E+03             0.00000E+00             0.00000E+00
   322  1.000E+01  1.638E+03             0.00000E+00             0.00000E+00
   323  1.000E+01  1.648E+03             0.00000E+00             0.00000E+00
   324  1.000E+01  1.658E+03             0.00000E+00             0.00000E+00
   325  1.000E+01  1.668E+03             0.00000E+00             0.00000E+00
   326  1.000E+01  1.678E+03             0.00000E+00             0.00000E+00
   327  1.000E+01  1.688E+03             0.00000E+00             0.00000E+00
   328  1.000E+01  1.698E+03             0.00000E+00             0.00000E+00
   329  1.000E+01  1.708E+03             0.00000E+00             0.00000E+00
   330  1.000E+01  1.718E+03             0.00000E+00             0.00000E+00
   331  1.000E+01  1.728E+03             0.00000E+00             0.00000E+00
   332  1.000E+01  1.738E+03             0.00000E+00             0.00000E+00
   333  1.000E+01  1.748E+03             0.00000E+00             0.00000E+00
   334  1.000E+01  1.758E+03             0.00000E+00             0.00000E+00
   335  1.000E+01  1.768E+03             0.00000E+00             0.00000E+00
   336  1.000E+01  1.778E+03             0.00000E+00             0.00000E+00
   337  1.000E+01  1.788E+03             0.00000E+00             0.00000E+00
   338  1.000E+01  1.798E+03             0.00000E+00             0.00000E+00
   339  1.000E+01  1.808E+03             0.00000E+00             0.00000E+00
   340  1.000E+01  1.818E+03             0.00000E+00             0.00000E+00
   341  1.000E+01  1.828E+03             0.00000E+00             0.00000E+00
   342  1.000E+01  1.838E+03             0.00000E+00             0.00000E+00
   343  1.000E+01  1.848E+03             0.00000E+00             0.00000E+00
   344  1.000E+01  1.858E+03             0.00000E+00             0.00000E+00
   345  1.000E+01  1.868E+03             0.00000E+00             0.00000E+00
   346  1.000E+01  1.878E+03             0.00000E+00             0.00000E+00
   347  1.000E+01  1.888E+03             0.00000E+00             0.00000E+00
   348  1.000E+01  1.898E+03             0.00000E+00             0.00000E+00
   349  1.000E+01  1.908E+03             0.00000E+00             0.00000E+00
   350  1.000E+01  1.918E+03             0.00000E+00             0.00000E+00
   351  1.000E+01  1.928E+03             0.00000E+00             0.00000E+00
   352  1.000E+01  1.938E+03             0.00000E+00             0.00000E+00
   353  1.000E+01  1.948E+03             0.00000E+00             0.00000E+00
   354  1.000E+01  1.958E+03             0.00000E+00             0.00000E+00
   355  1.000E+01  1.968E+03             0.00000E+00             0.00000E+00
   356  1.000E+01  1.978E+03             0.00000E+00             0.00000E+00
   357  1.000E+01  1.988E+03             0.00000E+00             0.00000E+00
   358  1.000E+01  1.998E+03             0.00000E+00             0.00000E+00
   359  1.000E+01  2.008E+03             0.00000E+00             0.00000E+00
   360  1.000E+01  2.018E+03             0.00000E+00             0.00000E+00
   361  1.000E+01  2.028E+03             0.00000E+00             0.00000E+00
   362  1.000E+01  2.038E+03             0.00000E+00             0.00000E+00
   363  1.000E+01  2.048E+03             0.00000E+00             0.00000E+00
   364  1.000E+01  2.058E+03             0.00000E+00             0.00000E+00
   365  1.000E+01  2.068E+03             0.00000E+00             0.00000E+00
   366  1.000E+01  2.078E+03             0.00000E+00             0.00000E+00
   367  1.000E+01  2.088E+03             0.00000E+00             0.00000E+00
   368  1.000E+01  2.098E+03             0.00000E+00             0.00000E+00
   369  1.000E+01  2.108E+03             0.00000E+00             0.00000E+00
   370  1.000E+01  2.118E+03             0.00000E+00             0.00000E+00
   371  1.000E+01  2.128E+03             0.00000E+00             0.00000E+00
   372  1.000E+01  2.138E+03             0.00000E+00             0.00000E+00
   373  1.000E+01  2.148E+03             0.00000E+00             0.00000E+00
   374  1.000E+01  2.158E+03             0.00000E+00             0.00000E+00
   375  1.000E+01  2.168E+03             0.00000E+00             0.00000E+00
   376  1.000E+01  2.178E+03             0.00000E+00             0.00000E+00
   377  1.000E+01  2.188E+03             0.00000E+00             0.00000E+00
   378  1.000E+01  2.198E+03             0.00000E+00             0.00000E+00
   379  1.000E+01  2.208E+03             0.00000E+00             0.00000E+00
   380  1.000E+01  2.218E+03             0.00000E+00             0.00000E+00
   381  1.000E+01  2.228E+03             0.00000E+00             0.00000E+00
   382  1.000E+01  2.238E+03             0.00000E+00             0.00000E+00
   383  1.000E+01  2.248E+03             0.00000E+00             0.00000E+00
   384  1.000E+01  2.258E+03             0.00000E+00             0.00000E+00
   385  1.000E+01  2.268E+03             0.00000E+00             0.00000E+00
   386  1.000E+01  2.278E+03             0.00000E+00             0.00000E+00
   387  1.000E+01  2.288E+03             0.00000E+00             0.00000E+00
   388  1.000E+01  2.298E+03             0.00000E+00             0.00000E+00
   389  1.000E+01  2.308E+03             0.00000E+00             0.00000E+00
   390  1.000E+01  2.318E+03             0.00000E+00             0.00000E+00
   391  1.000E+01  2.328E+03             0.00000E+00             0.00000E+00
   392  1.000E+01  2.338E+03             0.00000E+00             0.00000E+00
   393  1.000E+01  2.348E+03             0.00000E+00             0.00000E+00
   394  1.000E+01  2.358E+03             0.00000E+00             0.00000E+00
   395  1.000E+01  2.368E+03             0.00000E+00             0.00000E+00
   396  1.000E+01  2.378E+03             0.00000E+00             0.00000E+00
   397  1.000E+01  2.388E+03             0.00000E+00             0.00000E+00
   398  1.000E+01  2.398E+03             0.00000E+00             0.00000E+00
   399  1.000E+01  2.408E+03             0.00000E+00             0.00000E+00
   400  1.000E+01  2.418E+03             0.00000E+00             0.00000E+00
   401  1.000E+01  2.428E+03             0.00000E+00             0.00000E+00
   402  1.000E+01  2.438E+03             0.00000E+00             0.00000E+00
   403  1.000E+01  2.448E+03             0.00000E+00             0.00000E+00
   404  1.000E+01  2.458E+03             0.00000E+00             0.00000E+00
   405  1.000E+01  2.468E+03             0.00000E+00             0.00000E+00
   406  1.000E+01  2.478E+03             0.00000E+00             0.00000E+00
   407  1.000E+01  2.488E+03             0.00000E+00             0.00000E+00
   408  1.000E+01  2.498E+03             0.00000E+00             0.00000E+00
   409  1.000E+01  2.508E+03             0.00000E+00             0.00000E+00
   410  1.000E+01  2.518E+03             0.00000E+00             0.00000E+00
   411  1.000E+01  2.528E+03             0.00000E+00             0.00000E+00
   412  1.000E+01  2.538E+03             0.00000E+00             0.00000E+00
   413  1.000E+01  2.548E+03             0.00000E+00             0.00000E+00
   414  1.000E+01  2.558E+03             0.00000E+00             0.00000E+00
   415  1.000E+01  2.568E+03             0.00000E+00             0.00000E+00
   416  1.000E+01  2.578E+03             0.00000E+00             0.00000E+00
   417  1.000E+01  2.588E+03             0.00000E+00             0.00000E+00
   418  1.000E+01  2.598E+03             0.00000E+00             0.00000E+00
   419  1.000E+01  2.608E+03             0.00000E+00             0.00000E+00
   420  1.000E+01  2.618E+03             0.00000E+00             0.00000E+00
   421  1.000E+01  2.628E+03             0.00000E+00             0.00000E+00
   422  1.000E+01  2.638E+03             0.00000E+00             0.00000E+00
   423  1.000E+01  2.648E+03             0.00000E+00             0.00000E+00
   424  1.000E+01  2.658E+03             0.00000E+00             0.00000E+00
   425  1.000E+01  2.668E+03             0.00000E+00             0.00000E+00
   426  1.000E+01  2.678E+03             0.00000E+00             0.00000E+00
   427  1.000E+01  2.688E+03             0.00000E+00             0.00000E+00
   428  1.000E+01  2.698E+03             0.00000E+00             0.00000E+00
   429  1.000E+01  2.708E+03             0.00000E+00             0.00000E+00
   430  1.000E+01  2.718E+03             0.00000E+00             0.00000E+00
   431  1.000E+01  2.728E+03             0.00000E+00             0.00000E+00
   432  1.000E+01  2.738E+03             0.00000E+00             0.00000E+00
   433  1.000E+01  2.748E+03             0.00000E+00             0.00000E+00
   434  1.000E+01  2.758E+03             0.00000E+00             0.00000E+00
   435  1.000E+01  2.768E+03             0.00000E+00             0.00000E+00
   436  1.000E+01  2.778E+03             0.00000E+00             0.00000E+00
   437  1.000E+01  2.788E+03             0.00000E+00             0.00000E+00
   438  1.000E+01  2.798E+03             0.00000E+00             0.00000E+00
   439  1.000E+01  2.808E+03             0.00000E+00             0.00000E+00
   440  1.000E+01  2.818E+03             0.00000E+00             0.00000E+00
   441  1.000E+01  2.828E+03             0.00000E+00             0.00000E+00
   442  1.000E+01  2.838E+03             0.00000E+00             0.00000E+00
   443  1.000E+01  2.848E+03             0.00000E+00             0.00000E+00
   444  1.000E+01  2.858E+03             0.00000E+00             0.00000E+00
   445  1.000E+01  2.868E+03             0.00000E+00             0.00000E+00
   446  1.000E+01  2.878E+03             0.00000E+00             0.00000E+00
   447  1.000E+01  2.888E+03             0.00000E+00             0.00000E+00
   448  1.000E+01  2.898E+03             0.00000E+00             0.00000E+00
   449  1.000E+01  2.908E+03             0.00000E+00             0.00000E+00
   450  1.000E+01  2.918E+03             0.00000E+00             0.00000E+00
   451  1.000E+01  2.928E+03             0.00000E+00             0.00000E+00
   452  1.000E+01  2.938E+03             0.00000E+00             0.00000E+00
   453  1.000E+01  2.948E+03             0.00000E+00             0.00000E+00
   454  1.000E+01  2.958E+03             0.00000E+00             0.00000E+00
   455  1.000E+01  2.968E+03             0.00000E+00             0.00000E+00
   456  1.000E+01  2.978E+03             0.00000E+00             0.00000E+00
   457  1.000E+01  2.988E+03             0.00000E+00             0.00000E+00
   458  1.000E+01  2.998E+03             0.00000E+00             0.00000E+00
   459  1.000E+01  3.008E+03             0.00000E+00             0.00000E+00
   460  1.000E+01  3.018E+03             0.00000E+00             0.00000E+00
   461  1.000E+01  3.028E+03             0.00000E+00             0.00000E+00
   462  1.000E+01  3.038E+03             0.00000E+00             0.00000E+00
   463  1.000E+01  3.048E+03             0.00000E+00             0.00000E+00
   464  1.000E+01  3.058E+03             0.00000E+00             0.00000E+00
   465  1.000E+01  3.068E+03             0.00000E+00             0.00000E+00
   466  1.000E+01  3.078E+03             0.00000E+00             0.00000E+00
   467  1.000E+01  3.088E+03             0.00000E+00             0.00000E+00
   468  1.000E+01  3.098E+03             0.00000E+00             0.00000E+00
   469  1.000E+01  3.108E+03             0.00000E+00             0.00000E+00
   470  1.000E+01  3.118E+03             0.00000E+00             0.00000E+00
   471  1.000E+01  3.128E+03             0.00000E+00             0.00000E+00
   472  1.000E+01  3.138E+03             0.00000E+00             0.00000E+00
   473  1.000E+01  3.148E+03             0.00000E+00             0.00000E+00
   474  1.000E+01  3.158E+03             0.00000E+00             0.00000E+00
   475  1.000E+01  3.168E+03             0.00000E+00             0.00000E+00
   476  1.000E+01  3.178E+03             0.00000E+00             0.00000E+00
   477  1.000E+01  3.188E+03             0.00000E+00             0.00000E+00
   478  1.000E+01  3.198E+03             0.00000E+00             0.00000E+00
   479  1.000E+01  3.208E+03             0.00000E+00             0.00000E+00
   480  1.000E+01  3.218E+03             0.00000E+00             0.00000E+00
   481  1.000E+01  3.228E+03             0.00000E+00             0.00000E+00
   482  1.000E+01  3.238E+03             0.00000E+00             0.00000E+00
   483  1.000E+01  3.248E+03             0.00000E+00             0.00000E+00
   484  1.000E+01  3.258E+03             0.00000E+00             0.00000E+00
   485  1.000E+01  3.268E+03             0.00000E+00             0.00000E+00
   486  1.000E+01  3.278E+03             0.00000E+00             0.00000E+00
   487  1.000E+01  3.288E+03             0.00000E+00             0.00000E+00
   488  1.000E+01  3.298E+03             0.00000E+00             0.00000E+00
   489  1.000E+01  3.308E+03             0.00000E+00             0.00000E+00
   490  1.000E+01  3.318E+03             0.00000E+00             0.00000E+00
   491  1.000E+01  3.328E+03             0.00000E+00             0.00000E+00
   492  1.000E+01  3.338E+03             0.00000E+00             0.00000E+00
   493  1.000E+01  3.348E+03             0.00000E+00             0.00000E+00
   494  1.000E+01  3.358E+03             0.00000E+00             0.00000E+00
   495  1.000E+01  3.368E+03             0.00000E+00             0.00000E+00
   496  1.000E+01  3.378E+03             0.00000E+00             0.00000E+00
   497  1.000E+01  3.388E+03             0.00000E+00             0.00000E+00
   498  1.000E+01  3.398E+03             0.00000E+00             0.00000E+00
   499  1.000E+01  3.408E+03             0.00000E+00             0.00000E+00
   500  1.000E+01  3.418E+03             0.00000E+00             0.00000E+00
   501  1.000E+01  3.428E+03             0.00000E+00             0.00000E+00
   502  1.000E+01  3.438E+03             0.00000E+00             0.00000E+00
   503  1.000E+01  3.448E+03             0.00000E+00             0.00000E+00
   504  1.000E+01  3.458E+03             0.00000E+00             0.00000E+00
   505  1.000E+01  3.468E+03             0.00000E+00             0.00000E+00
   506  1.000E+01  3.478E+03             0.00000E+00             0.00000E+00
   507  1.000E+01  3.488E+03             0.00000E+00             0.00000E+00
   508  1.000E+01  3.498E+03             0.00000E+00             0.00000E+00
   509  1.000E+01  3.508E+03             0.00000E+00             0.00000E+00
   510  1.000E+01  3.518E+03             0.00000E+00             0.00000E+00
   511  1.000E+01  3.528E+03             0.00000E+00             0.00000E+00
   512  1.000E+01  3.538E+03             0.00000E+00             0.00000E+00
   513  1.000E+01  3.548E+03             0.00000E+00             0.00000E+00
   514  1.000E+01  3.558E+03             0.00000E+00             0.00000E+00
   515  1.000E+01  3.568E+03             0.00000E+00             0.00000E+00
   516  1.000E+01  3.578E+03             0.00000E+00             0.00000E+00
   517  1.000E+01  3.588E+03             0.00000E+00             0.00000E+00
   518  5.823E+00  3.594E+03             0.00000E+00             0.00000E+00
   519  5.823E+00  3.600E+03             0.00000E+00             0.00000E+00
