# NSTEP            DELTAT              TIME NET NANSF NEU VOL NET NANSF NEU FLX
      1      1.000000000E-02      1.000000000E-02      0.000000000E+00      0.000000000E+00
      2      5.000000000E-03      1.500000000E-02      0.000000000E+00      0.000000000E+00
      3      5.500000000E-03      2.050000000E-02      0.000000000E+00      0.000000000E+00
      4      6.050000000E-03      2.655000000E-02      0.000000000E+00      0.000000000E+00
      5      6.050000000E-03      3.260000000E-02      0.000000000E+00      0.000000000E+00
      6      6.050000000E-03      3.865000000E-02      0.000000000E+00      0.000000000E+00
      7      6.050000000E-03      4.470000000E-02      0.000000000E+00      0.000000000E+00
      8      3.025000000E-03      4.772500000E-02      0.000000000E+00      0.000000000E+00
      9      3.327500000E-03      5.105250000E-02      0.000000000E+00      0.000000000E+00
     10      3.660250000E-03      5.471275000E-02      0.000000000E+00      0.000000000E+00
     11      3.660250000E-03      5.837300000E-02      0.000000000E+00      0.000000000E+00
     12      4.026275000E-03      6.239927500E-02      0.000000000E+00      0.000000000E+00
     13      4.026275000E-03      6.642555000E-02      0.000000000E+00      0.000000000E+00
     14      4.026275000E-03      7.045182500E-02      0.000000000E+00      0.000000000E+00
     15      4.026275000E-03      7.447810000E-02      0.000000000E+00      0.000000000E+00
     16      4.026275000E-03      7.850437500E-02      0.000000000E+00      0.000000000E+00
     17      4.026275000E-03      8.253065000E-02      0.000000000E+00      0.000000000E+00
     18      4.026275000E-03      8.655692500E-02      0.000000000E+00      0.000000000E+00
     19      4.026275000E-03      9.058320000E-02      0.000000000E+00      0.000000000E+00
     20      4.026275000E-03      9.460947500E-02      0.000000000E+00      0.000000000E+00
     21      4.026275000E-03      9.863575000E-02      0.000000000E+00      0.000000000E+00
     22      4.428902500E-03      1.030646525E-01      0.000000000E+00      0.000000000E+00
     23      4.428902500E-03      1.074935550E-01      0.000000000E+00      0.000000000E+00
     24      4.428902500E-03      1.119224575E-01      0.000000000E+00      0.000000000E+00
     25      4.428902500E-03      1.163513600E-01      0.000000000E+00      0.000000000E+00
     26      4.428902500E-03      1.207802625E-01      0.000000000E+00      0.000000000E+00
     27      4.428902500E-03      1.252091650E-01      0.000000000E+00      0.000000000E+00
     28      4.428902500E-03      1.296380675E-01      0.000000000E+00      0.000000000E+00
     29      4.428902500E-03      1.340669700E-01      0.000000000E+00      0.000000000E+00
     30      4.428902500E-03      1.384958725E-01      0.000000000E+00      0.000000000E+00
     31      4.428902500E-03      1.429247750E-01      0.000000000E+00      0.000000000E+00
     32      4.428902500E-03      1.473536775E-01      0.000000000E+00      0.000000000E+00
     33      4.428902500E-03      1.517825800E-01      0.000000000E+00      0.000000000E+00
     34      4.428902500E-03      1.562114825E-01      0.000000000E+00      0.000000000E+00
     35      4.428902500E-03      1.606403850E-01      0.000000000E+00      0.000000000E+00
     36      4.871792750E-03      1.655121777E-01      0.000000000E+00      0.000000000E+00
     37      4.871792750E-03      1.703839705E-01      0.000000000E+00      0.000000000E+00
     38      4.871792750E-03      1.752557632E-01      0.000000000E+00      0.000000000E+00
     39      4.871792750E-03      1.801275560E-01      0.000000000E+00      0.000000000E+00
     40      5.358972025E-03      1.854865280E-01      0.000000000E+00      0.000000000E+00
     41      5.358972025E-03      1.908455000E-01      0.000000000E+00      0.000000000E+00
     42      5.894869228E-03      1.967403693E-01      0.000000000E+00      0.000000000E+00
     43      5.894869228E-03      2.026352385E-01      0.000000000E+00      0.000000000E+00
     44      5.894869228E-03      2.085301077E-01      0.000000000E+00      0.000000000E+00
     45      5.894869228E-03      2.144249770E-01      0.000000000E+00      0.000000000E+00
     46      5.894869228E-03      2.203198462E-01      0.000000000E+00      0.000000000E+00
     47      5.894869228E-03      2.262147154E-01      0.000000000E+00      0.000000000E+00
     48      5.894869228E-03      2.321095846E-01      0.000000000E+00      0.000000000E+00
     49      5.894869228E-03      2.380044539E-01      0.000000000E+00      0.000000000E+00
     50      5.894869228E-03      2.438993231E-01      0.000000000E+00      0.000000000E+00
     51      5.894869228E-03      2.497941923E-01      0.000000000E+00      0.000000000E+00
     52      5.894869228E-03      2.556890616E-01      0.000000000E+00      0.000000000E+00
     53      6.484356150E-03      2.621734177E-01      0.000000000E+00      0.000000000E+00
     54      6.484356150E-03      2.686577739E-01      0.000000000E+00      0.000000000E+00
     55      6.484356150E-03      2.751421300E-01      0.000000000E+00      0.000000000E+00
     56      7.132791765E-03      2.822749218E-01      0.000000000E+00      0.000000000E+00
     57      7.132791765E-03      2.894077135E-01      0.000000000E+00      0.000000000E+00
     58      7.132791765E-03      2.965405053E-01      0.000000000E+00      0.000000000E+00
     59      7.846070942E-03      3.043865762E-01      0.000000000E+00      0.000000000E+00
     60      7.846070942E-03      3.122326472E-01      0.000000000E+00      0.000000000E+00
     61      7.846070942E-03      3.200787181E-01      0.000000000E+00      0.000000000E+00
     62      8.630678036E-03      3.287093962E-01      0.000000000E+00      0.000000000E+00
     63      8.630678036E-03      3.373400742E-01      0.000000000E+00      0.000000000E+00
     64      9.493745840E-03      3.468338200E-01      0.000000000E+00      0.000000000E+00
     65      9.493745840E-03      3.563275659E-01      0.000000000E+00      0.000000000E+00
     66      9.493745840E-03      3.658213117E-01      0.000000000E+00      0.000000000E+00
     67      9.493745840E-03      3.753150576E-01      0.000000000E+00      0.000000000E+00
     68      1.044312042E-02      3.857581780E-01      0.000000000E+00      0.000000000E+00
     69      1.044312042E-02      3.962012984E-01      0.000000000E+00      0.000000000E+00
     70      1.148743247E-02      4.076887309E-01      0.000000000E+00      0.000000000E+00
     71      1.263617571E-02      4.203249066E-01      0.000000000E+00      0.000000000E+00
     72      1.389979328E-02      4.342246999E-01      0.000000000E+00      0.000000000E+00
     73      1.389979328E-02      4.481244931E-01      0.000000000E+00      0.000000000E+00
     74      1.528977261E-02      4.634142658E-01      0.000000000E+00      0.000000000E+00
     75      1.681874987E-02      4.802330156E-01      0.000000000E+00      0.000000000E+00
     76      1.850062486E-02      4.987336405E-01      0.000000000E+00      0.000000000E+00
     77      1.850062486E-02      5.172342654E-01      0.000000000E+00      0.000000000E+00
     78      2.035068735E-02      5.375849527E-01      0.000000000E+00      0.000000000E+00
     79      2.238575608E-02      5.599707088E-01      0.000000000E+00      0.000000000E+00
     80      2.238575608E-02      5.823564649E-01      0.000000000E+00      0.000000000E+00
     81      2.238575608E-02      6.047422209E-01      0.000000000E+00      0.000000000E+00
     82      2.462433169E-02      6.293665526E-01      0.000000000E+00      0.000000000E+00
     83      2.462433169E-02      6.539908843E-01      0.000000000E+00      0.000000000E+00
     84      2.708676486E-02      6.810776492E-01      0.000000000E+00      0.000000000E+00
     85      2.979544134E-02      7.108730905E-01      0.000000000E+00      0.000000000E+00
     86      2.979544134E-02      7.406685319E-01      0.000000000E+00      0.000000000E+00
     87      3.277498548E-02      7.734435174E-01      0.000000000E+00      0.000000000E+00
     88      3.605248403E-02      8.094960014E-01      0.000000000E+00      0.000000000E+00
     89      3.965773243E-02      8.491537338E-01      0.000000000E+00      0.000000000E+00
     90      4.362350567E-02      8.927772395E-01      0.000000000E+00      0.000000000E+00
     91      4.798585624E-02      9.407630957E-01      0.000000000E+00      0.000000000E+00
     92      5.278444186E-02      9.935475376E-01      0.000000000E+00      0.000000000E+00
     93      5.278444186E-02      1.046331979E+00      0.000000000E+00      0.000000000E+00
     94      5.806288605E-02      1.104394865E+00      0.000000000E+00      0.000000000E+00
     95      5.806288605E-02      1.162457752E+00      0.000000000E+00      0.000000000E+00
     96      6.386917465E-02      1.226326926E+00      0.000000000E+00      0.000000000E+00
     97      6.386917465E-02      1.290196101E+00      0.000000000E+00      0.000000000E+00
     98      7.025609212E-02      1.360452193E+00      0.000000000E+00      0.000000000E+00
     99      7.728170133E-02      1.437733894E+00      0.000000000E+00      0.000000000E+00
    100      7.728170133E-02      1.515015596E+00      0.000000000E+00      0.000000000E+00
    101      8.500987147E-02      1.600025467E+00      0.000000000E+00      0.000000000E+00
    102      8.500987147E-02      1.685035339E+00      0.000000000E+00      0.000000000E+00
    103      9.351085861E-02      1.778546197E+00      0.000000000E+00      0.000000000E+00
    104      9.351085861E-02      1.872057056E+00      0.000000000E+00      0.000000000E+00
    105      1.028619445E-01      1.974919000E+00      0.000000000E+00      0.000000000E+00
    106      1.131481389E-01      2.088067139E+00      0.000000000E+00      0.000000000E+00
    107      1.244629528E-01      2.212530092E+00      0.000000000E+00      0.000000000E+00
    108      1.369092481E-01      2.349439340E+00      0.000000000E+00      0.000000000E+00
    109      1.369092481E-01      2.486348588E+00      0.000000000E+00      0.000000000E+00
    110      1.506001729E-01      2.636948761E+00      0.000000000E+00      0.000000000E+00
    111      1.656601902E-01      2.802608951E+00      0.000000000E+00      0.000000000E+00
    112      1.822262092E-01      2.984835160E+00      0.000000000E+00      0.000000000E+00
    113      1.822262092E-01      3.167061370E+00      0.000000000E+00      0.000000000E+00
    114      2.004488301E-01      3.367510200E+00      0.000000000E+00      0.000000000E+00
    115      2.004488301E-01      3.567959030E+00      0.000000000E+00      0.000000000E+00
    116      2.204937131E-01      3.788452743E+00      0.000000000E+00      0.000000000E+00
    117      2.425430845E-01      4.030995828E+00      0.000000000E+00      0.000000000E+00
    118      2.425430845E-01      4.273538912E+00      0.000000000E+00      0.000000000E+00
    119      2.667973929E-01      4.540336305E+00      0.000000000E+00      0.000000000E+00
    120      2.934771322E-01      4.833813437E+00      0.000000000E+00      0.000000000E+00
    121      2.934771322E-01      5.127290569E+00      0.000000000E+00      0.000000000E+00
    122      3.228248454E-01      5.450115415E+00      0.000000000E+00      0.000000000E+00
    123      3.228248454E-01      5.772940260E+00      0.000000000E+00      0.000000000E+00
    124      3.551073300E-01      6.128047590E+00      0.000000000E+00      0.000000000E+00
    125      3.551073300E-01      6.483154920E+00      0.000000000E+00      0.000000000E+00
    126      3.906180630E-01      6.873772983E+00      0.000000000E+00      0.000000000E+00
    127      4.296798693E-01      7.303452852E+00      0.000000000E+00      0.000000000E+00
    128      4.296798693E-01      7.733132722E+00      0.000000000E+00      0.000000000E+00
    129      4.726478562E-01      8.205780578E+00      0.000000000E+00      0.000000000E+00
    130      5.199126418E-01      8.725693220E+00      0.000000000E+00      0.000000000E+00
    131      5.719039060E-01      9.297597126E+00      0.000000000E+00      0.000000000E+00
    132      5.719039060E-01      9.869501032E+00      0.000000000E+00      0.000000000E+00
    133      6.290942966E-01      1.049859533E+01      0.000000000E+00      0.000000000E+00
    134      6.920037262E-01      1.119059905E+01      0.000000000E+00      0.000000000E+00
    135      7.612040989E-01      1.195180315E+01      0.000000000E+00      0.000000000E+00
    136      8.373245087E-01      1.278912766E+01      0.000000000E+00      0.000000000E+00
    137      9.210569596E-01      1.371018462E+01      0.000000000E+00      0.000000000E+00
    138      1.013162656E+00      1.472334728E+01      0.000000000E+00      0.000000000E+00
    139      1.013162656E+00      1.573650993E+01      0.000000000E+00      0.000000000E+00
    140      1.114478921E+00      1.685098885E+01      0.000000000E+00      0.000000000E+00
    141      1.225926813E+00      1.807691567E+01      0.000000000E+00      0.000000000E+00
    142      1.348519495E+00      1.942543516E+01      0.000000000E+00      0.000000000E+00
    143      1.348519495E+00      2.077395466E+01      0.000000000E+00      0.000000000E+00
    144      1.483371444E+00      2.225732610E+01      0.000000000E+00      0.000000000E+00
    145      1.483371444E+00      2.374069754E+01      0.000000000E+00      0.000000000E+00
    146      1.483371444E+00      2.522406899E+01      0.000000000E+00      0.000000000E+00
    147      1.631708588E+00      2.685577758E+01      0.000000000E+00      0.000000000E+00
    148      1.794879447E+00      2.865065702E+01      0.000000000E+00      0.000000000E+00
    149      1.794879447E+00      3.044553647E+01      0.000000000E+00      0.000000000E+00
    150      1.974367392E+00      3.241990386E+01      0.000000000E+00      0.000000000E+00
    151      2.171804131E+00      3.459170799E+01      0.000000000E+00      0.000000000E+00
    152      2.388984544E+00      3.698069254E+01      0.000000000E+00      0.000000000E+00
    153      2.627882999E+00      3.960857554E+01      0.000000000E+00      0.000000000E+00
    154      2.890671299E+00      4.249924684E+01      0.000000000E+00      0.000000000E+00
    155      3.179738428E+00      4.567898526E+01      0.000000000E+00      0.000000000E+00
    156      3.497712271E+00      4.917669754E+01      0.000000000E+00      0.000000000E+00
    157      3.497712271E+00      5.267440981E+01      0.000000000E+00      0.000000000E+00
    158      3.497712271E+00      5.617212208E+01      0.000000000E+00      0.000000000E+00
    159      3.847483498E+00      6.001960558E+01      0.000000000E+00      0.000000000E+00
    160      4.232231848E+00      6.425183743E+01      0.000000000E+00      0.000000000E+00
    161      4.232231848E+00      6.848406927E+01      0.000000000E+00      0.000000000E+00
    162      4.232231848E+00      7.271630112E+01      0.000000000E+00      0.000000000E+00
    163      4.655455033E+00      7.737175616E+01      0.000000000E+00      0.000000000E+00
    164      5.121000536E+00      8.249275669E+01      0.000000000E+00      0.000000000E+00
    165      5.121000536E+00      8.761375723E+01      0.000000000E+00      0.000000000E+00
    166      5.633100590E+00      9.324685782E+01      0.000000000E+00      0.000000000E+00
    167      6.196410649E+00      9.944326847E+01      0.000000000E+00      0.000000000E+00
    168      6.816051714E+00      1.062593202E+02      0.000000000E+00      0.000000000E+00
    169      7.497656885E+00      1.137569771E+02      0.000000000E+00      0.000000000E+00
    170      8.247422574E+00      1.220043996E+02      0.000000000E+00      0.000000000E+00
    171      8.247422574E+00      1.302518222E+02      0.000000000E+00      0.000000000E+00
    172      9.072164831E+00      1.393239870E+02      0.000000000E+00      0.000000000E+00
    173      9.072164831E+00      1.483961519E+02      0.000000000E+00      0.000000000E+00
    174      9.979381315E+00      1.583755332E+02      0.000000000E+00      0.000000000E+00
    175      9.979381315E+00      1.683549145E+02      0.000000000E+00      0.000000000E+00
    176      1.000000000E+01      1.783549145E+02      0.000000000E+00      0.000000000E+00
    177      1.000000000E+01      1.883549145E+02      0.000000000E+00      0.000000000E+00
    178      1.000000000E+01      1.983549145E+02      0.000000000E+00      0.000000000E+00
    179      1.000000000E+01      2.083549145E+02      0.000000000E+00      0.000000000E+00
    180      1.000000000E+01      2.183549145E+02      0.000000000E+00      0.000000000E+00
    181      1.000000000E+01      2.283549145E+02      0.000000000E+00      0.000000000E+00
    182      1.000000000E+01      2.383549145E+02      0.000000000E+00      0.000000000E+00
    183      1.000000000E+01      2.483549145E+02      0.000000000E+00      0.000000000E+00
    184      1.000000000E+01      2.583549145E+02      0.000000000E+00      0.000000000E+00
    185      1.000000000E+01      2.683549145E+02      0.000000000E+00      0.000000000E+00
    186      1.000000000E+01      2.783549145E+02      0.000000000E+00      0.000000000E+00
    187      1.000000000E+01      2.883549145E+02      0.000000000E+00      0.000000000E+00
    188      1.000000000E+01      2.983549145E+02      0.000000000E+00      0.000000000E+00
    189      1.000000000E+01      3.083549145E+02      0.000000000E+00      0.000000000E+00
    190      1.000000000E+01      3.183549145E+02      0.000000000E+00      0.000000000E+00
    191      1.000000000E+01      3.283549145E+02      0.000000000E+00      0.000000000E+00
    192      1.000000000E+01      3.383549145E+02      0.000000000E+00      0.000000000E+00
    193      1.000000000E+01      3.483549145E+02      0.000000000E+00      0.000000000E+00
    194      1.000000000E+01      3.583549145E+02      0.000000000E+00      0.000000000E+00
    195      1.000000000E+01      3.683549145E+02      0.000000000E+00      0.000000000E+00
    196      1.000000000E+01      3.783549145E+02      0.000000000E+00      0.000000000E+00
    197      1.000000000E+01      3.883549145E+02      0.000000000E+00      0.000000000E+00
    198      1.000000000E+01      3.983549145E+02      0.000000000E+00      0.000000000E+00
    199      1.000000000E+01      4.083549145E+02      0.000000000E+00      0.000000000E+00
    200      1.000000000E+01      4.183549145E+02      0.000000000E+00      0.000000000E+00
    201      1.000000000E+01      4.283549145E+02      0.000000000E+00      0.000000000E+00
    202      1.000000000E+01      4.383549145E+02      0.000000000E+00      0.000000000E+00
    203      1.000000000E+01      4.483549145E+02      0.000000000E+00      0.000000000E+00
    204      1.000000000E+01      4.583549145E+02      0.000000000E+00      0.000000000E+00
    205      1.000000000E+01      4.683549145E+02      0.000000000E+00      0.000000000E+00
    206      1.000000000E+01      4.783549145E+02      0.000000000E+00      0.000000000E+00
    207      1.000000000E+01      4.883549145E+02      0.000000000E+00      0.000000000E+00
    208      1.000000000E+01      4.983549145E+02      0.000000000E+00      0.000000000E+00
    209      1.000000000E+01      5.083549145E+02      0.000000000E+00      0.000000000E+00
    210      1.000000000E+01      5.183549145E+02      0.000000000E+00      0.000000000E+00
    211      1.000000000E+01      5.283549145E+02      0.000000000E+00      0.000000000E+00
    212      1.000000000E+01      5.383549145E+02      0.000000000E+00      0.000000000E+00
    213      1.000000000E+01      5.483549145E+02      0.000000000E+00      0.000000000E+00
    214      1.000000000E+01      5.583549145E+02      0.000000000E+00      0.000000000E+00
    215      1.000000000E+01      5.683549145E+02      0.000000000E+00      0.000000000E+00
    216      1.000000000E+01      5.783549145E+02      0.000000000E+00      0.000000000E+00
    217      1.000000000E+01      5.883549145E+02      0.000000000E+00      0.000000000E+00
    218      1.000000000E+01      5.983549145E+02      0.000000000E+00      0.000000000E+00
    219      1.000000000E+01      6.083549145E+02      0.000000000E+00      0.000000000E+00
    220      1.000000000E+01      6.183549145E+02      0.000000000E+00      0.000000000E+00
    221      1.000000000E+01      6.283549145E+02      0.000000000E+00      0.000000000E+00
    222      1.000000000E+01      6.383549145E+02      0.000000000E+00      0.000000000E+00
    223      1.000000000E+01      6.483549145E+02      0.000000000E+00      0.000000000E+00
    224      1.000000000E+01      6.583549145E+02      0.000000000E+00      0.000000000E+00
    225      1.000000000E+01      6.683549145E+02      0.000000000E+00      0.000000000E+00
    226      1.000000000E+01      6.783549145E+02      0.000000000E+00      0.000000000E+00
    227      1.000000000E+01      6.883549145E+02      0.000000000E+00      0.000000000E+00
    228      1.000000000E+01      6.983549145E+02      0.000000000E+00      0.000000000E+00
    229      1.000000000E+01      7.083549145E+02      0.000000000E+00      0.000000000E+00
    230      1.000000000E+01      7.183549145E+02      0.000000000E+00      0.000000000E+00
    231      1.000000000E+01      7.283549145E+02      0.000000000E+00      0.000000000E+00
    232      1.000000000E+01      7.383549145E+02      0.000000000E+00      0.000000000E+00
    233      1.000000000E+01      7.483549145E+02      0.000000000E+00      0.000000000E+00
    234      1.000000000E+01      7.583549145E+02      0.000000000E+00      0.000000000E+00
    235      1.000000000E+01      7.683549145E+02      0.000000000E+00      0.000000000E+00
    236      1.000000000E+01      7.783549145E+02      0.000000000E+00      0.000000000E+00
    237      1.000000000E+01      7.883549145E+02      0.000000000E+00      0.000000000E+00
    238      1.000000000E+01      7.983549145E+02      0.000000000E+00      0.000000000E+00
    239      1.000000000E+01      8.083549145E+02      0.000000000E+00      0.000000000E+00
    240      1.000000000E+01      8.183549145E+02      0.000000000E+00      0.000000000E+00
    241      1.000000000E+01      8.283549145E+02      0.000000000E+00      0.000000000E+00
    242      1.000000000E+01      8.383549145E+02      0.000000000E+00      0.000000000E+00
    243      1.000000000E+01      8.483549145E+02      0.000000000E+00      0.000000000E+00
    244      1.000000000E+01      8.583549145E+02      0.000000000E+00      0.000000000E+00
    245      1.000000000E+01      8.683549145E+02      0.000000000E+00      0.000000000E+00
    246      1.000000000E+01      8.783549145E+02      0.000000000E+00      0.000000000E+00
    247      1.000000000E+01      8.883549145E+02      0.000000000E+00      0.000000000E+00
    248      1.000000000E+01      8.983549145E+02      0.000000000E+00      0.000000000E+00
    249      1.000000000E+01      9.083549145E+02      0.000000000E+00      0.000000000E+00
    250      1.000000000E+01      9.183549145E+02      0.000000000E+00      0.000000000E+00
    251      1.000000000E+01      9.283549145E+02      0.000000000E+00      0.000000000E+00
    252      1.000000000E+01      9.383549145E+02      0.000000000E+00      0.000000000E+00
    253      1.000000000E+01      9.483549145E+02      0.000000000E+00      0.000000000E+00
    254      1.000000000E+01      9.583549145E+02      0.000000000E+00      0.000000000E+00
    255      1.000000000E+01      9.683549145E+02      0.000000000E+00      0.000000000E+00
    256      1.000000000E+01      9.783549145E+02      0.000000000E+00      0.000000000E+00
    257      1.000000000E+01      9.883549145E+02      0.000000000E+00      0.000000000E+00
    258      1.000000000E+01      9.983549145E+02      0.000000000E+00      0.000000000E+00
    259      1.000000000E+01      1.008354915E+03      0.000000000E+00      0.000000000E+00
    260      1.000000000E+01      1.018354915E+03      0.000000000E+00      0.000000000E+00
    261      1.000000000E+01      1.028354915E+03      0.000000000E+00      0.000000000E+00
    262      1.000000000E+01      1.038354915E+03      0.000000000E+00      0.000000000E+00
    263      1.000000000E+01      1.048354915E+03      0.000000000E+00      0.000000000E+00
    264      1.000000000E+01      1.058354915E+03      0.000000000E+00      0.000000000E+00
    265      1.000000000E+01      1.068354915E+03      0.000000000E+00      0.000000000E+00
    266      1.000000000E+01      1.078354915E+03      0.000000000E+00      0.000000000E+00
    267      1.000000000E+01      1.088354915E+03      0.000000000E+00      0.000000000E+00
    268      1.000000000E+01      1.098354915E+03      0.000000000E+00      0.000000000E+00
    269      1.000000000E+01      1.108354915E+03      0.000000000E+00      0.000000000E+00
    270      1.000000000E+01      1.118354915E+03      0.000000000E+00      0.000000000E+00
    271      1.000000000E+01      1.128354915E+03      0.000000000E+00      0.000000000E+00
    272      1.000000000E+01      1.138354915E+03      0.000000000E+00      0.000000000E+00
    273      1.000000000E+01      1.148354915E+03      0.000000000E+00      0.000000000E+00
    274      1.000000000E+01      1.158354915E+03      0.000000000E+00      0.000000000E+00
    275      1.000000000E+01      1.168354915E+03      0.000000000E+00      0.000000000E+00
    276      1.000000000E+01      1.178354915E+03      0.000000000E+00      0.000000000E+00
    277      1.000000000E+01      1.188354915E+03      0.000000000E+00      0.000000000E+00
    278      1.000000000E+01      1.198354915E+03      0.000000000E+00      0.000000000E+00
    279      1.000000000E+01      1.208354915E+03      0.000000000E+00      0.000000000E+00
    280      1.000000000E+01      1.218354915E+03      0.000000000E+00      0.000000000E+00
    281      1.000000000E+01      1.228354915E+03      0.000000000E+00      0.000000000E+00
    282      1.000000000E+01      1.238354915E+03      0.000000000E+00      0.000000000E+00
    283      1.000000000E+01      1.248354915E+03      0.000000000E+00      0.000000000E+00
    284      1.000000000E+01      1.258354915E+03      0.000000000E+00      0.000000000E+00
    285      1.000000000E+01      1.268354915E+03      0.000000000E+00      0.000000000E+00
    286      1.000000000E+01      1.278354915E+03      0.000000000E+00      0.000000000E+00
    287      1.000000000E+01      1.288354915E+03      0.000000000E+00      0.000000000E+00
    288      1.000000000E+01      1.298354915E+03      0.000000000E+00      0.000000000E+00
    289      1.000000000E+01      1.308354915E+03      0.000000000E+00      0.000000000E+00
    290      1.000000000E+01      1.318354915E+03      0.000000000E+00      0.000000000E+00
    291      1.000000000E+01      1.328354915E+03      0.000000000E+00      0.000000000E+00
    292      1.000000000E+01      1.338354915E+03      0.000000000E+00      0.000000000E+00
    293      1.000000000E+01      1.348354915E+03      0.000000000E+00      0.000000000E+00
    294      1.000000000E+01      1.358354915E+03      0.000000000E+00      0.000000000E+00
    295      1.000000000E+01      1.368354915E+03      0.000000000E+00      0.000000000E+00
    296      1.000000000E+01      1.378354915E+03      0.000000000E+00      0.000000000E+00
    297      1.000000000E+01      1.388354915E+03      0.000000000E+00      0.000000000E+00
    298      1.000000000E+01      1.398354915E+03      0.000000000E+00      0.000000000E+00
    299      1.000000000E+01      1.408354915E+03      0.000000000E+00      0.000000000E+00
    300      1.000000000E+01      1.418354915E+03      0.000000000E+00      0.000000000E+00
    301      1.000000000E+01      1.428354915E+03      0.000000000E+00      0.000000000E+00
    302      1.000000000E+01      1.438354915E+03      0.000000000E+00      0.000000000E+00
    303      1.000000000E+01      1.448354915E+03      0.000000000E+00      0.000000000E+00
    304      1.000000000E+01      1.458354915E+03      0.000000000E+00      0.000000000E+00
    305      1.000000000E+01      1.468354915E+03      0.000000000E+00      0.000000000E+00
    306      1.000000000E+01      1.478354915E+03      0.000000000E+00      0.000000000E+00
    307      1.000000000E+01      1.488354915E+03      0.000000000E+00      0.000000000E+00
    308      1.000000000E+01      1.498354915E+03      0.000000000E+00      0.000000000E+00
    309      1.000000000E+01      1.508354915E+03      0.000000000E+00      0.000000000E+00
    310      1.000000000E+01      1.518354915E+03      0.000000000E+00      0.000000000E+00
    311      1.000000000E+01      1.528354915E+03      0.000000000E+00      0.000000000E+00
    312      1.000000000E+01      1.538354915E+03      0.000000000E+00      0.000000000E+00
    313      1.000000000E+01      1.548354915E+03      0.000000000E+00      0.000000000E+00
    314      1.000000000E+01      1.558354915E+03      0.000000000E+00      0.000000000E+00
    315      1.000000000E+01      1.568354915E+03      0.000000000E+00      0.000000000E+00
    316      1.000000000E+01      1.578354915E+03      0.000000000E+00      0.000000000E+00
    317      1.000000000E+01      1.588354915E+03      0.000000000E+00      0.000000000E+00
    318      1.000000000E+01      1.598354915E+03      0.000000000E+00      0.000000000E+00
    319      1.000000000E+01      1.608354915E+03      0.000000000E+00      0.000000000E+00
    320      1.000000000E+01      1.618354915E+03      0.000000000E+00      0.000000000E+00
    321      1.000000000E+01      1.628354915E+03      0.000000000E+00      0.000000000E+00
    322      1.000000000E+01      1.638354915E+03      0.000000000E+00      0.000000000E+00
    323      1.000000000E+01      1.648354915E+03      0.000000000E+00      0.000000000E+00
    324      1.000000000E+01      1.658354915E+03      0.000000000E+00      0.000000000E+00
    325      1.000000000E+01      1.668354915E+03      0.000000000E+00      0.000000000E+00
    326      1.000000000E+01      1.678354915E+03      0.000000000E+00      0.000000000E+00
    327      1.000000000E+01      1.688354915E+03      0.000000000E+00      0.000000000E+00
    328      1.000000000E+01      1.698354915E+03      0.000000000E+00      0.000000000E+00
    329      1.000000000E+01      1.708354915E+03      0.000000000E+00      0.000000000E+00
    330      1.000000000E+01      1.718354915E+03      0.000000000E+00      0.000000000E+00
    331      1.000000000E+01      1.728354915E+03      0.000000000E+00      0.000000000E+00
    332      1.000000000E+01      1.738354915E+03      0.000000000E+00      0.000000000E+00
    333      1.000000000E+01      1.748354915E+03      0.000000000E+00      0.000000000E+00
    334      1.000000000E+01      1.758354915E+03      0.000000000E+00      0.000000000E+00
    335      1.000000000E+01      1.768354915E+03      0.000000000E+00      0.000000000E+00
    336      1.000000000E+01      1.778354915E+03      0.000000000E+00      0.000000000E+00
    337      1.000000000E+01      1.788354915E+03      0.000000000E+00      0.000000000E+00
    338      1.000000000E+01      1.798354915E+03      0.000000000E+00      0.000000000E+00
    339      1.000000000E+01      1.808354915E+03      0.000000000E+00      0.000000000E+00
    340      1.000000000E+01      1.818354915E+03      0.000000000E+00      0.000000000E+00
    341      1.000000000E+01      1.828354915E+03      0.000000000E+00      0.000000000E+00
    342      1.000000000E+01      1.838354915E+03      0.000000000E+00      0.000000000E+00
    343      1.000000000E+01      1.848354915E+03      0.000000000E+00      0.000000000E+00
    344      1.000000000E+01      1.858354915E+03      0.000000000E+00      0.000000000E+00
    345      1.000000000E+01      1.868354915E+03      0.000000000E+00      0.000000000E+00
    346      1.000000000E+01      1.878354915E+03      0.000000000E+00      0.000000000E+00
    347      1.000000000E+01      1.888354915E+03      0.000000000E+00      0.000000000E+00
    348      1.000000000E+01      1.898354915E+03      0.000000000E+00      0.000000000E+00
    349      1.000000000E+01      1.908354915E+03      0.000000000E+00      0.000000000E+00
    350      1.000000000E+01      1.918354915E+03      0.000000000E+00      0.000000000E+00
    351      1.000000000E+01      1.928354915E+03      0.000000000E+00      0.000000000E+00
    352      1.000000000E+01      1.938354915E+03      0.000000000E+00      0.000000000E+00
    353      1.000000000E+01      1.948354915E+03      0.000000000E+00      0.000000000E+00
    354      1.000000000E+01      1.958354915E+03      0.000000000E+00      0.000000000E+00
    355      1.000000000E+01      1.968354915E+03      0.000000000E+00      0.000000000E+00
    356      1.000000000E+01      1.978354915E+03      0.000000000E+00      0.000000000E+00
    357      1.000000000E+01      1.988354915E+03      0.000000000E+00      0.000000000E+00
    358      1.000000000E+01      1.998354915E+03      0.000000000E+00      0.000000000E+00
    359      1.000000000E+01      2.008354915E+03      0.000000000E+00      0.000000000E+00
    360      1.000000000E+01      2.018354915E+03      0.000000000E+00      0.000000000E+00
    361      1.000000000E+01      2.028354915E+03      0.000000000E+00      0.000000000E+00
    362      1.000000000E+01      2.038354915E+03      0.000000000E+00      0.000000000E+00
    363      1.000000000E+01      2.048354915E+03      0.000000000E+00      0.000000000E+00
    364      1.000000000E+01      2.058354915E+03      0.000000000E+00      0.000000000E+00
    365      1.000000000E+01      2.068354915E+03      0.000000000E+00      0.000000000E+00
    366      1.000000000E+01      2.078354915E+03      0.000000000E+00      0.000000000E+00
    367      1.000000000E+01      2.088354915E+03      0.000000000E+00      0.000000000E+00
    368      1.000000000E+01      2.098354915E+03      0.000000000E+00      0.000000000E+00
    369      1.000000000E+01      2.108354915E+03      0.000000000E+00      0.000000000E+00
    370      1.000000000E+01      2.118354915E+03      0.000000000E+00      0.000000000E+00
    371      1.000000000E+01      2.128354915E+03      0.000000000E+00      0.000000000E+00
    372      1.000000000E+01      2.138354915E+03      0.000000000E+00      0.000000000E+00
    373      1.000000000E+01      2.148354915E+03      0.000000000E+00      0.000000000E+00
    374      1.000000000E+01      2.158354915E+03      0.000000000E+00      0.000000000E+00
    375      1.000000000E+01      2.168354915E+03      0.000000000E+00      0.000000000E+00
    376      1.000000000E+01      2.178354915E+03      0.000000000E+00      0.000000000E+00
    377      1.000000000E+01      2.188354915E+03      0.000000000E+00      0.000000000E+00
    378      1.000000000E+01      2.198354915E+03      0.000000000E+00      0.000000000E+00
    379      1.000000000E+01      2.208354915E+03      0.000000000E+00      0.000000000E+00
    380      1.000000000E+01      2.218354915E+03      0.000000000E+00      0.000000000E+00
    381      1.000000000E+01      2.228354915E+03      0.000000000E+00      0.000000000E+00
    382      1.000000000E+01      2.238354915E+03      0.000000000E+00      0.000000000E+00
    383      1.000000000E+01      2.248354915E+03      0.000000000E+00      0.000000000E+00
    384      1.000000000E+01      2.258354915E+03      0.000000000E+00      0.000000000E+00
    385      1.000000000E+01      2.268354915E+03      0.000000000E+00      0.000000000E+00
    386      1.000000000E+01      2.278354915E+03      0.000000000E+00      0.000000000E+00
    387      1.000000000E+01      2.288354915E+03      0.000000000E+00      0.000000000E+00
    388      1.000000000E+01      2.298354915E+03      0.000000000E+00      0.000000000E+00
    389      1.000000000E+01      2.308354915E+03      0.000000000E+00      0.000000000E+00
    390      1.000000000E+01      2.318354915E+03      0.000000000E+00      0.000000000E+00
    391      1.000000000E+01      2.328354915E+03      0.000000000E+00      0.000000000E+00
    392      1.000000000E+01      2.338354915E+03      0.000000000E+00      0.000000000E+00
    393      1.000000000E+01      2.348354915E+03      0.000000000E+00      0.000000000E+00
    394      1.000000000E+01      2.358354915E+03      0.000000000E+00      0.000000000E+00
    395      1.000000000E+01      2.368354915E+03      0.000000000E+00      0.000000000E+00
    396      1.000000000E+01      2.378354915E+03      0.000000000E+00      0.000000000E+00
    397      1.000000000E+01      2.388354915E+03      0.000000000E+00      0.000000000E+00
    398      1.000000000E+01      2.398354915E+03      0.000000000E+00      0.000000000E+00
    399      1.000000000E+01      2.408354915E+03      0.000000000E+00      0.000000000E+00
    400      1.000000000E+01      2.418354915E+03      0.000000000E+00      0.000000000E+00
    401      1.000000000E+01      2.428354915E+03      0.000000000E+00      0.000000000E+00
    402      1.000000000E+01      2.438354915E+03      0.000000000E+00      0.000000000E+00
    403      1.000000000E+01      2.448354915E+03      0.000000000E+00      0.000000000E+00
    404      1.000000000E+01      2.458354915E+03      0.000000000E+00      0.000000000E+00
    405      1.000000000E+01      2.468354915E+03      0.000000000E+00      0.000000000E+00
    406      1.000000000E+01      2.478354915E+03      0.000000000E+00      0.000000000E+00
    407      1.000000000E+01      2.488354915E+03      0.000000000E+00      0.000000000E+00
    408      1.000000000E+01      2.498354915E+03      0.000000000E+00      0.000000000E+00
    409      1.000000000E+01      2.508354915E+03      0.000000000E+00      0.000000000E+00
    410      1.000000000E+01      2.518354915E+03      0.000000000E+00      0.000000000E+00
    411      1.000000000E+01      2.528354915E+03      0.000000000E+00      0.000000000E+00
    412      1.000000000E+01      2.538354915E+03      0.000000000E+00      0.000000000E+00
    413      1.000000000E+01      2.548354915E+03      0.000000000E+00      0.000000000E+00
    414      1.000000000E+01      2.558354915E+03      0.000000000E+00      0.000000000E+00
    415      1.000000000E+01      2.568354915E+03      0.000000000E+00      0.000000000E+00
    416      1.000000000E+01      2.578354915E+03      0.000000000E+00      0.000000000E+00
    417      1.000000000E+01      2.588354915E+03      0.000000000E+00      0.000000000E+00
    418      1.000000000E+01      2.598354915E+03      0.000000000E+00      0.000000000E+00
    419      1.000000000E+01      2.608354915E+03      0.000000000E+00      0.000000000E+00
    420      1.000000000E+01      2.618354915E+03      0.000000000E+00      0.000000000E+00
    421      1.000000000E+01      2.628354915E+03      0.000000000E+00      0.000000000E+00
    422      1.000000000E+01      2.638354915E+03      0.000000000E+00      0.000000000E+00
    423      1.000000000E+01      2.648354915E+03      0.000000000E+00      0.000000000E+00
    424      1.000000000E+01      2.658354915E+03      0.000000000E+00      0.000000000E+00
    425      1.000000000E+01      2.668354915E+03      0.000000000E+00      0.000000000E+00
    426      1.000000000E+01      2.678354915E+03      0.000000000E+00      0.000000000E+00
    427      1.000000000E+01      2.688354915E+03      0.000000000E+00      0.000000000E+00
    428      1.000000000E+01      2.698354915E+03      0.000000000E+00      0.000000000E+00
    429      1.000000000E+01      2.708354915E+03      0.000000000E+00      0.000000000E+00
    430      1.000000000E+01      2.718354915E+03      0.000000000E+00      0.000000000E+00
    431      1.000000000E+01      2.728354915E+03      0.000000000E+00      0.000000000E+00
    432      1.000000000E+01      2.738354915E+03      0.000000000E+00      0.000000000E+00
    433      1.000000000E+01      2.748354915E+03      0.000000000E+00      0.000000000E+00
    434      1.000000000E+01      2.758354915E+03      0.000000000E+00      0.000000000E+00
    435      1.000000000E+01      2.768354915E+03      0.000000000E+00      0.000000000E+00
    436      1.000000000E+01      2.778354915E+03      0.000000000E+00      0.000000000E+00
    437      1.000000000E+01      2.788354915E+03      0.000000000E+00      0.000000000E+00
    438      1.000000000E+01      2.798354915E+03      0.000000000E+00      0.000000000E+00
    439      1.000000000E+01      2.808354915E+03      0.000000000E+00      0.000000000E+00
    440      1.000000000E+01      2.818354915E+03      0.000000000E+00      0.000000000E+00
    441      1.000000000E+01      2.828354915E+03      0.000000000E+00      0.000000000E+00
    442      1.000000000E+01      2.838354915E+03      0.000000000E+00      0.000000000E+00
    443      1.000000000E+01      2.848354915E+03      0.000000000E+00      0.000000000E+00
    444      1.000000000E+01      2.858354915E+03      0.000000000E+00      0.000000000E+00
    445      1.000000000E+01      2.868354915E+03      0.000000000E+00      0.000000000E+00
    446      1.000000000E+01      2.878354915E+03      0.000000000E+00      0.000000000E+00
    447      1.000000000E+01      2.888354915E+03      0.000000000E+00      0.000000000E+00
    448      1.000000000E+01      2.898354915E+03      0.000000000E+00      0.000000000E+00
    449      1.000000000E+01      2.908354915E+03      0.000000000E+00      0.000000000E+00
    450      1.000000000E+01      2.918354915E+03      0.000000000E+00      0.000000000E+00
    451      1.000000000E+01      2.928354915E+03      0.000000000E+00      0.000000000E+00
    452      1.000000000E+01      2.938354915E+03      0.000000000E+00      0.000000000E+00
    453      1.000000000E+01      2.948354915E+03      0.000000000E+00      0.000000000E+00
    454      1.000000000E+01      2.958354915E+03      0.000000000E+00      0.000000000E+00
    455      1.000000000E+01      2.968354915E+03      0.000000000E+00      0.000000000E+00
    456      1.000000000E+01      2.978354915E+03      0.000000000E+00      0.000000000E+00
    457      1.000000000E+01      2.988354915E+03      0.000000000E+00      0.000000000E+00
    458      1.000000000E+01      2.998354915E+03      0.000000000E+00      0.000000000E+00
    459      1.000000000E+01      3.008354915E+03      0.000000000E+00      0.000000000E+00
    460      1.000000000E+01      3.018354915E+03      0.000000000E+00      0.000000000E+00
    461      1.000000000E+01      3.028354915E+03      0.000000000E+00      0.000000000E+00
    462      1.000000000E+01      3.038354915E+03      0.000000000E+00      0.000000000E+00
    463      1.000000000E+01      3.048354915E+03      0.000000000E+00      0.000000000E+00
    464      1.000000000E+01      3.058354915E+03      0.000000000E+00      0.000000000E+00
    465      1.000000000E+01      3.068354915E+03      0.000000000E+00      0.000000000E+00
    466      1.000000000E+01      3.078354915E+03      0.000000000E+00      0.000000000E+00
    467      1.000000000E+01      3.088354915E+03      0.000000000E+00      0.000000000E+00
    468      1.000000000E+01      3.098354915E+03      0.000000000E+00      0.000000000E+00
    469      1.000000000E+01      3.108354915E+03      0.000000000E+00      0.000000000E+00
    470      1.000000000E+01      3.118354915E+03      0.000000000E+00      0.000000000E+00
    471      1.000000000E+01      3.128354915E+03      0.000000000E+00      0.000000000E+00
    472      1.000000000E+01      3.138354915E+03      0.000000000E+00      0.000000000E+00
    473      1.000000000E+01      3.148354915E+03      0.000000000E+00      0.000000000E+00
    474      1.000000000E+01      3.158354915E+03      0.000000000E+00      0.000000000E+00
    475      1.000000000E+01      3.168354915E+03      0.000000000E+00      0.000000000E+00
    476      1.000000000E+01      3.178354915E+03      0.000000000E+00      0.000000000E+00
    477      1.000000000E+01      3.188354915E+03      0.000000000E+00      0.000000000E+00
    478      1.000000000E+01      3.198354915E+03      0.000000000E+00      0.000000000E+00
    479      1.000000000E+01      3.208354915E+03      0.000000000E+00      0.000000000E+00
    480      1.000000000E+01      3.218354915E+03      0.000000000E+00      0.000000000E+00
    481      1.000000000E+01      3.228354915E+03      0.000000000E+00      0.000000000E+00
    482      1.000000000E+01      3.238354915E+03      0.000000000E+00      0.000000000E+00
    483      1.000000000E+01      3.248354915E+03      0.000000000E+00      0.000000000E+00
    484      1.000000000E+01      3.258354915E+03      0.000000000E+00      0.000000000E+00
    485      1.000000000E+01      3.268354915E+03      0.000000000E+00      0.000000000E+00
    486      1.000000000E+01      3.278354915E+03      0.000000000E+00      0.000000000E+00
    487      1.000000000E+01      3.288354915E+03      0.000000000E+00      0.000000000E+00
    488      1.000000000E+01      3.298354915E+03      0.000000000E+00      0.000000000E+00
    489      1.000000000E+01      3.308354915E+03      0.000000000E+00      0.000000000E+00
    490      1.000000000E+01      3.318354915E+03      0.000000000E+00      0.000000000E+00
    491      1.000000000E+01      3.328354915E+03      0.000000000E+00      0.000000000E+00
    492      1.000000000E+01      3.338354915E+03      0.000000000E+00      0.000000000E+00
    493      1.000000000E+01      3.348354915E+03      0.000000000E+00      0.000000000E+00
    494      1.000000000E+01      3.358354915E+03      0.000000000E+00      0.000000000E+00
    495      1.000000000E+01      3.368354915E+03      0.000000000E+00      0.000000000E+00
    496      1.000000000E+01      3.378354915E+03      0.000000000E+00      0.000000000E+00
    497      1.000000000E+01      3.388354915E+03      0.000000000E+00      0.000000000E+00
    498      1.000000000E+01      3.398354915E+03      0.000000000E+00      0.000000000E+00
    499      1.000000000E+01      3.408354915E+03      0.000000000E+00      0.000000000E+00
    500      1.000000000E+01      3.418354915E+03      0.000000000E+00      0.000000000E+00
    501      1.000000000E+01      3.428354915E+03      0.000000000E+00      0.000000000E+00
    502      1.000000000E+01      3.438354915E+03      0.000000000E+00      0.000000000E+00
    503      1.000000000E+01      3.448354915E+03      0.000000000E+00      0.000000000E+00
    504      1.000000000E+01      3.458354915E+03      0.000000000E+00      0.000000000E+00
    505      1.000000000E+01      3.468354915E+03      0.000000000E+00      0.000000000E+00
    506      1.000000000E+01      3.478354915E+03      0.000000000E+00      0.000000000E+00
    507      1.000000000E+01      3.488354915E+03      0.000000000E+00      0.000000000E+00
    508      1.000000000E+01      3.498354915E+03      0.000000000E+00      0.000000000E+00
    509      1.000000000E+01      3.508354915E+03      0.000000000E+00      0.000000000E+00
    510      1.000000000E+01      3.518354915E+03      0.000000000E+00      0.000000000E+00
    511      1.000000000E+01      3.528354915E+03      0.000000000E+00      0.000000000E+00
    512      1.000000000E+01      3.538354915E+03      0.000000000E+00      0.000000000E+00
    513      1.000000000E+01      3.548354915E+03      0.000000000E+00      0.000000000E+00
    514      1.000000000E+01      3.558354915E+03      0.000000000E+00      0.000000000E+00
    515      1.000000000E+01      3.568354915E+03      0.000000000E+00      0.000000000E+00
    516      1.000000000E+01      3.578354915E+03      0.000000000E+00      0.000000000E+00
    517      1.000000000E+01      3.588354915E+03      0.000000000E+00      0.000000000E+00
    518      5.822542747E+00      3.594177457E+03      0.000000000E+00      0.000000000E+00
    519      5.822542747E+00      3.600000000E+03      0.000000000E+00      0.000000000E+00
