#       1
#          TIME              381
  1.00000000E-02   0.0000000E+00   0.0000000E+00   0.0000000E+00   0.0000000E+00
  1.50000000E-02   9.0247192E-10   0.0000000E+00   1.3227288E-09   0.0000000E+00
  2.05000000E-02   1.7101719E-09   0.0000000E+00   2.0803804E-09   0.0000000E+00
  2.65500000E-02   2.7050230E-09   0.0000000E+00   3.0045001E-09   0.0000000E+00
  3.26000000E-02   3.7874646E-09   0.0000000E+00   4.1132160E-09   0.0000000E+00
  3.86500000E-02   4.9503250E-09   0.0000000E+00   5.2997756E-09   0.0000000E+00
  4.47000000E-02   6.1810967E-09   0.0000000E+00   6.5552723E-09   0.0000000E+00
  4.77250000E-02   6.8265649E-09   0.0000000E+00   7.8754604E-09   0.0000000E+00
  5.10525000E-02   7.5460566E-09   0.0000000E+00   8.5507481E-09   0.0000000E+00
  5.47127500E-02   8.3606188E-09   0.0000000E+00   9.3110150E-09   0.0000000E+00
  5.83730000E-02   9.1994344E-09   0.0000000E+00   1.0167313E-08   0.0000000E+00
  6.23992750E-02   1.0144746E-08   0.0000000E+00   1.1042560E-08   0.0000000E+00
  6.64255500E-02   1.1113565E-08   0.0000000E+00   1.2027244E-08   0.0000000E+00
  7.04518250E-02   1.2102952E-08   0.0000000E+00   1.3033106E-08   0.0000000E+00
  7.44781000E-02   1.3111321E-08   0.0000000E+00   1.4059238E-08   0.0000000E+00
  7.85043750E-02   1.4138467E-08   0.0000000E+00   1.5104755E-08   0.0000000E+00
  8.25306500E-02   1.5184209E-08   0.0000000E+00   1.6168893E-08   0.0000000E+00
  8.65569250E-02   1.6247913E-08   0.0000000E+00   1.7250977E-08   0.0000000E+00
  9.05832000E-02   1.7329197E-08   0.0000000E+00   1.8350428E-08   0.0000000E+00
  9.46094750E-02   1.8428031E-08   0.0000000E+00   1.9466786E-08   0.0000000E+00
  9.86357500E-02   1.9543797E-08   0.0000000E+00   2.0599593E-08   0.0000000E+00
  1.03064652E-01   2.0788635E-08   0.0000000E+00   2.1748444E-08   0.0000000E+00
  1.07493555E-01   2.2051072E-08   0.0000000E+00   2.3030640E-08   0.0000000E+00
  1.11922457E-01   2.3330106E-08   0.0000000E+00   2.4330660E-08   0.0000000E+00
  1.16351360E-01   2.4625904E-08   0.0000000E+00   2.5647991E-08   0.0000000E+00
  1.20780262E-01   2.5937836E-08   0.0000000E+00   2.6982077E-08   0.0000000E+00
  1.25209165E-01   2.7265816E-08   0.0000000E+00   2.8332447E-08   0.0000000E+00
  1.29638067E-01   2.8609636E-08   0.0000000E+00   2.9698538E-08   0.0000000E+00
  1.34066970E-01   2.9969435E-08   0.0000000E+00   3.1079982E-08   0.0000000E+00
  1.38495872E-01   3.1344824E-08   0.0000000E+00   3.2477141E-08   0.0000000E+00
  1.42924775E-01   3.2736096E-08   0.0000000E+00   3.3888986E-08   0.0000000E+00
  1.47353677E-01   3.4142814E-08   0.0000000E+00   3.5314826E-08   0.0000000E+00
  1.51782580E-01   3.5562344E-08   0.0000000E+00   3.6754241E-08   0.0000000E+00
  1.56211482E-01   3.6995142E-08   0.0000000E+00   3.8206798E-08   0.0000000E+00
  1.60640385E-01   3.8440999E-08   0.0000000E+00   3.9672097E-08   0.0000000E+00
  1.65512178E-01   4.0044677E-08   0.0000000E+00   4.1149760E-08   0.0000000E+00
  1.70383970E-01   4.1663637E-08   0.0000000E+00   4.2789707E-08   0.0000000E+00
  1.75255763E-01   4.3296558E-08   0.0000000E+00   4.4443608E-08   0.0000000E+00
  1.80127556E-01   4.4943206E-08   0.0000000E+00   4.6104993E-08   0.0000000E+00
  1.85486528E-01   4.6771843E-08   0.0000000E+00   4.7783496E-08   0.0000000E+00
  1.90845500E-01   4.8616652E-08   0.0000000E+00   4.9645211E-08   0.0000000E+00
  1.96740369E-01   5.0663790E-08   0.0000000E+00   5.1521633E-08   0.0000000E+00
  2.02635239E-01   5.2728826E-08   0.0000000E+00   5.3602906E-08   0.0000000E+00
  2.08530108E-01   5.4809686E-08   0.0000000E+00   5.5700530E-08   0.0000000E+00
  2.14424977E-01   5.6906822E-08   0.0000000E+00   5.7813792E-08   0.0000000E+00
  2.20319846E-01   5.9020142E-08   0.0000000E+00   5.9942951E-08   0.0000000E+00
  2.26214715E-01   6.1147994E-08   0.0000000E+00   6.2087010E-08   0.0000000E+00
  2.32109585E-01   6.3291330E-08   0.0000000E+00   6.4244862E-08   0.0000000E+00
  2.38004454E-01   6.5447984E-08   0.0000000E+00   6.6416758E-08   0.0000000E+00
  2.43899323E-01   6.7617886E-08   0.0000000E+00   6.8604751E-08   0.0000000E+00
  2.49794192E-01   6.9801395E-08   0.0000000E+00   7.0805079E-08   0.0000000E+00
  2.55689062E-01   7.1997705E-08   0.0000000E+00   7.3017018E-08   0.0000000E+00
  2.62173418E-01   7.4428287E-08   0.0000000E+00   7.5240097E-08   0.0000000E+00
  2.68657774E-01   7.6873561E-08   0.0000000E+00   7.7699683E-08   0.0000000E+00
  2.75142130E-01   7.9333499E-08   0.0000000E+00   8.0172027E-08   0.0000000E+00
  2.82274922E-01   8.2054099E-08   0.0000000E+00   8.2656263E-08   0.0000000E+00
  2.89407714E-01   8.4790320E-08   0.0000000E+00   8.5402575E-08   0.0000000E+00
  2.96540505E-01   8.7540692E-08   0.0000000E+00   8.8162274E-08   0.0000000E+00
  3.04386576E-01   9.0580769E-08   0.0000000E+00   9.0935007E-08   0.0000000E+00
  3.12232647E-01   9.3636552E-08   0.0000000E+00   9.3999683E-08   0.0000000E+00
  3.20078718E-01   9.6706308E-08   0.0000000E+00   9.7077531E-08   0.0000000E+00
  3.28709396E-01   1.0009821E-07   0.0000000E+00   1.0016882E-07   0.0000000E+00
  3.37340074E-01   1.0350753E-07   0.0000000E+00   1.0358356E-07   0.0000000E+00
  3.46833820E-01   1.0727426E-07   0.0000000E+00   1.0701369E-07   0.0000000E+00
  3.56327566E-01   1.1105704E-07   0.0000000E+00   1.1080346E-07   0.0000000E+00
  3.65821312E-01   1.1485451E-07   0.0000000E+00   1.1460735E-07   0.0000000E+00
  3.75315058E-01   1.1866594E-07   0.0000000E+00   1.1842411E-07   0.0000000E+00
  3.85758178E-01   1.2287532E-07   0.0000000E+00   1.2225446E-07   0.0000000E+00
  3.96201298E-01   1.2710057E-07   0.0000000E+00   1.2648230E-07   0.0000000E+00
  4.07688731E-01   1.3176350E-07   0.0000000E+00   1.3072292E-07   0.0000000E+00
  4.20324907E-01   1.3690995E-07   0.0000000E+00   1.3540475E-07   0.0000000E+00
  4.34224700E-01   1.4259108E-07   0.0000000E+00   1.4057079E-07   0.0000000E+00
  4.48124493E-01   1.4829138E-07   0.0000000E+00   1.4627404E-07   0.0000000E+00
  4.63414266E-01   1.5458130E-07   0.0000000E+00   1.5199322E-07   0.0000000E+00
  4.80233016E-01   1.6152163E-07   0.0000000E+00   1.5830229E-07   0.0000000E+00
  4.98733640E-01   1.6918091E-07   0.0000000E+00   1.6526079E-07   0.0000000E+00
  5.17234265E-01   1.7686281E-07   0.0000000E+00   1.7293691E-07   0.0000000E+00
  5.37584953E-01   1.8533321E-07   0.0000000E+00   1.8063021E-07   0.0000000E+00
  5.59970709E-01   1.9467229E-07   0.0000000E+00   1.8911078E-07   0.0000000E+00
  5.82356465E-01   2.0403219E-07   0.0000000E+00   1.9846670E-07   0.0000000E+00
  6.04742221E-01   2.1340866E-07   0.0000000E+00   2.0783965E-07   0.0000000E+00
  6.29366553E-01   2.2374218E-07   0.0000000E+00   2.1722562E-07   0.0000000E+00
  6.53990884E-01   2.3409026E-07   0.0000000E+00   2.2756713E-07   0.0000000E+00
  6.81077649E-01   2.4548719E-07   0.0000000E+00   2.3792003E-07   0.0000000E+00
  7.10873091E-01   2.5803884E-07   0.0000000E+00   2.4932531E-07   0.0000000E+00
  7.40668532E-01   2.7060132E-07   0.0000000E+00   2.6188687E-07   0.0000000E+00
  7.73443517E-01   2.8443249E-07   0.0000000E+00   2.7445840E-07   0.0000000E+00
  8.09496001E-01   2.9965863E-07   0.0000000E+00   2.8829519E-07   0.0000000E+00
  8.49153734E-01   3.1641805E-07   0.0000000E+00   3.0352296E-07   0.0000000E+00
  8.92777239E-01   3.3486296E-07   0.0000000E+00   3.2028016E-07   0.0000000E+00
  9.40763096E-01   3.5516134E-07   0.0000000E+00   3.3872167E-07   0.0000000E+00
  9.93547538E-01   3.7750014E-07   0.0000000E+00   3.5901555E-07   0.0000000E+00
  1.04633198E+00   3.9983605E-07   0.0000000E+00   3.8134816E-07   0.0000000E+00
  1.10439487E+00   4.2440822E-07   0.0000000E+00   4.0368190E-07   0.0000000E+00
  1.16245775E+00   4.4897362E-07   0.0000000E+00   4.2825180E-07   0.0000000E+00
  1.22632693E+00   4.7599617E-07   0.0000000E+00   4.5281658E-07   0.0000000E+00
  1.29019610E+00   5.0300847E-07   0.0000000E+00   4.7983614E-07   0.0000000E+00
  1.36045219E+00   5.3272263E-07   0.0000000E+00   5.0684832E-07   0.0000000E+00
  1.43773389E+00   5.6541143E-07   0.0000000E+00   5.3655897E-07   0.0000000E+00
  1.51501560E+00   5.9808336E-07   0.0000000E+00   5.6923345E-07   0.0000000E+00
  1.60002547E+00   6.3402136E-07   0.0000000E+00   6.0189770E-07   0.0000000E+00
  1.68503534E+00   6.6993990E-07   0.0000000E+00   6.3782530E-07   0.0000000E+00
  1.77854620E+00   7.0944973E-07   0.0000000E+00   6.7374957E-07   0.0000000E+00
  1.87205706E+00   7.4893798E-07   0.0000000E+00   7.1326542E-07   0.0000000E+00
  1.97491900E+00   7.9237781E-07   0.0000000E+00   7.5276809E-07   0.0000000E+00
  2.08806714E+00   8.4017011E-07   0.0000000E+00   7.9621928E-07   0.0000000E+00
  2.21253009E+00   8.9274700E-07   0.0000000E+00   8.4401439E-07   0.0000000E+00
  2.34943934E+00   9.5058791E-07   0.0000000E+00   8.9658982E-07   0.0000000E+00
  2.48634859E+00   1.0083833E-06   0.0000000E+00   9.5442707E-07   0.0000000E+00
  2.63694876E+00   1.0719640E-06   0.0000000E+00   1.0122512E-06   0.0000000E+00
  2.80260895E+00   1.1419168E-06   0.0000000E+00   1.0758648E-06   0.0000000E+00
  2.98483516E+00   1.2188884E-06   0.0000000E+00   1.1458473E-06   0.0000000E+00
  3.16706137E+00   1.2957951E-06   0.0000000E+00   1.2228457E-06   0.0000000E+00
  3.36751020E+00   1.3804141E-06   0.0000000E+00   1.2998238E-06   0.0000000E+00
  3.56795903E+00   1.4649540E-06   0.0000000E+00   1.3844696E-06   0.0000000E+00
  3.78845274E+00   1.5579765E-06   0.0000000E+00   1.4690954E-06   0.0000000E+00
  4.03099583E+00   1.6603477E-06   0.0000000E+00   1.5622199E-06   0.0000000E+00
  4.27353891E+00   1.7626043E-06   0.0000000E+00   1.6646148E-06   0.0000000E+00
  4.54033630E+00   1.8751351E-06   0.0000000E+00   1.7669887E-06   0.0000000E+00
  4.83381344E+00   1.9989923E-06   0.0000000E+00   1.8796610E-06   0.0000000E+00
  5.12729057E+00   2.1226869E-06   0.0000000E+00   2.0035683E-06   0.0000000E+00
  5.45011541E+00   2.2588407E-06   0.0000000E+00   2.1274560E-06   0.0000000E+00
  5.77294026E+00   2.3948184E-06   0.0000000E+00   2.2636634E-06   0.0000000E+00
  6.12804759E+00   2.5445217E-06   0.0000000E+00   2.3998502E-06   0.0000000E+00
  6.48315492E+00   2.6940087E-06   0.0000000E+00   2.5496298E-06   0.0000000E+00
  6.87377298E+00   2.8585925E-06   0.0000000E+00   2.6993826E-06   0.0000000E+00
  7.30345285E+00   3.0398419E-06   0.0000000E+00   2.8642687E-06   0.0000000E+00
  7.73313272E+00   3.2207976E-06   0.0000000E+00   3.0456791E-06   0.0000000E+00
  8.20578058E+00   3.4201080E-06   0.0000000E+00   3.2271137E-06   0.0000000E+00
  8.72569322E+00   3.6397176E-06   0.0000000E+00   3.4269668E-06   0.0000000E+00
  9.29759713E+00   3.8816925E-06   0.0000000E+00   3.6471259E-06   0.0000000E+00
  9.86950103E+00   4.1231586E-06   0.0000000E+00   3.8891972E-06   0.0000000E+00
  1.04985953E+01   4.3892513E-06   0.0000000E+00   4.1313010E-06   0.0000000E+00
  1.11905991E+01   4.6825869E-06   0.0000000E+00   4.3982030E-06   0.0000000E+00
  1.19518032E+01   5.0060586E-06   0.0000000E+00   4.6925400E-06   0.0000000E+00
  1.27891277E+01   5.3628379E-06   0.0000000E+00   5.0171346E-06   0.0000000E+00
  1.37101846E+01   5.7564783E-06   0.0000000E+00   5.3752206E-06   0.0000000E+00
  1.47233473E+01   6.1910447E-06   0.0000000E+00   5.7704543E-06   0.0000000E+00
  1.57365099E+01   6.6242058E-06   0.0000000E+00   6.2048648E-06   0.0000000E+00
  1.68509889E+01   7.1025555E-06   0.0000000E+00   6.6399307E-06   0.0000000E+00
  1.80769157E+01   7.6311278E-06   0.0000000E+00   7.1206305E-06   0.0000000E+00
  1.94254352E+01   8.2154829E-06   0.0000000E+00   7.6520660E-06   0.0000000E+00
  2.07739547E+01   8.7973903E-06   0.0000000E+00   8.2361860E-06   0.0000000E+00
  2.22573261E+01   9.4411539E-06   0.0000000E+00   8.8217042E-06   0.0000000E+00
  2.37406975E+01   1.0082124E-05   0.0000000E+00   9.4656117E-06   0.0000000E+00
  2.52240690E+01   1.0720432E-05   0.0000000E+00   1.0107022E-05   0.0000000E+00
  2.68557776E+01   1.1427839E-05   0.0000000E+00   1.0750149E-05   0.0000000E+00
  2.86506570E+01   1.2212384E-05   0.0000000E+00   1.1463477E-05   0.0000000E+00
  3.04455365E+01   1.2993391E-05   0.0000000E+00   1.2248554E-05   0.0000000E+00
  3.24199039E+01   1.3860203E-05   0.0000000E+00   1.3036984E-05   0.0000000E+00
  3.45917080E+01   1.4823985E-05   0.0000000E+00   1.3913170E-05   0.0000000E+00
  3.69806925E+01   1.5897574E-05   0.0000000E+00   1.4888431E-05   0.0000000E+00
  3.96085755E+01   1.7095599E-05   0.0000000E+00   1.5976250E-05   0.0000000E+00
  4.24992468E+01   1.8434906E-05   0.0000000E+00   1.7192446E-05   0.0000000E+00
  4.56789853E+01   1.9936393E-05   0.0000000E+00   1.8555723E-05   0.0000000E+00
  4.91766975E+01   2.1624326E-05   0.0000000E+00   2.0088684E-05   0.0000000E+00
  5.26744098E+01   2.3303461E-05   0.0000000E+00   2.1781686E-05   0.0000000E+00
  5.61721221E+01   2.4975882E-05   0.0000000E+00   2.3468408E-05   0.0000000E+00
  6.00196056E+01   2.6865926E-05   0.0000000E+00   2.5182623E-05   0.0000000E+00
  6.42518374E+01   2.9010656E-05   0.0000000E+00   2.7125685E-05   0.0000000E+00
  6.84840693E+01   3.1147815E-05   0.0000000E+00   2.9280320E-05   0.0000000E+00
  7.27163011E+01   3.3279294E-05   0.0000000E+00   3.1429236E-05   0.0000000E+00
  7.73717562E+01   3.5711975E-05   0.0000000E+00   3.3628476E-05   0.0000000E+00
  8.24927567E+01   3.8506176E-05   0.0000000E+00   3.6151680E-05   0.0000000E+00
  8.76137572E+01   4.1296082E-05   0.0000000E+00   3.8963671E-05   0.0000000E+00
  9.32468578E+01   4.4527836E-05   0.0000000E+00   4.1873858E-05   0.0000000E+00
  9.94432685E+01   4.8312140E-05   0.0000000E+00   4.5270940E-05   0.0000000E+00
  1.06259320E+02   5.2817241E-05   0.0000000E+00   4.9288962E-05   0.0000000E+00
  1.13756977E+02   5.8304129E-05   0.0000000E+00   5.4189557E-05   0.0000000E+00
  1.22004400E+02   6.2353686E-05   0.0000000E+00   5.7808175E-05   0.0000000E+00
  1.30251822E+02   6.6382571E-05   0.0000000E+00   6.1874088E-05   0.0000000E+00
  1.39323987E+02   7.0994799E-05   0.0000000E+00   6.5977621E-05   0.0000000E+00
  1.48396152E+02   7.5574437E-05   0.0000000E+00   7.0603058E-05   0.0000000E+00
  1.58375533E+02   8.0856559E-05   0.0000000E+00   7.5273993E-05   0.0000000E+00
  1.68354915E+02   8.6079340E-05   0.0000000E+00   8.0552329E-05   0.0000000E+00
  1.78354915E+02   9.1244095E-05   0.0000000E+00   8.5767664E-05   0.0000000E+00
  1.88354915E+02   9.6316856E-05   0.0000000E+00   9.0916426E-05   0.0000000E+00
  1.98354915E+02   1.0128154E-04   0.0000000E+00   9.5969385E-05   0.0000000E+00
  2.08354915E+02   1.0612810E-04   0.0000000E+00   1.0091617E-04   0.0000000E+00
  2.18354915E+02   1.1084582E-04   0.0000000E+00   1.0574483E-04   0.0000000E+00
  2.28354915E+02   1.1542884E-04   0.0000000E+00   1.1044423E-04   0.0000000E+00
  2.38354915E+02   1.1987036E-04   0.0000000E+00   1.1500669E-04   0.0000000E+00
  2.48354915E+02   1.2416633E-04   0.0000000E+00   1.1942541E-04   0.0000000E+00
  2.58354915E+02   1.2831772E-04   0.0000000E+00   1.2369738E-04   0.0000000E+00
  2.68354915E+02   1.3232242E-04   0.0000000E+00   1.2782189E-04   0.0000000E+00
  2.78354915E+02   1.3618086E-04   0.0000000E+00   1.3179959E-04   0.0000000E+00
  2.88354915E+02   1.3989199E-04   0.0000000E+00   1.3563064E-04   0.0000000E+00
  2.98354915E+02   1.4346015E-04   0.0000000E+00   1.3931621E-04   0.0000000E+00
  3.08354915E+02   1.4688033E-04   0.0000000E+00   1.4285737E-04   0.0000000E+00
  3.18354915E+02   1.5016144E-04   0.0000000E+00   1.4625110E-04   0.0000000E+00
  3.28354915E+02   1.5274998E-04   0.0000000E+00   1.4891561E-04   0.0000000E+00
  3.38354915E+02   1.5524563E-04   0.0000000E+00   1.5148763E-04   0.0000000E+00
  3.48354915E+02   1.5765173E-04   0.0000000E+00   1.5396941E-04   0.0000000E+00
  3.58354915E+02   1.5997131E-04   0.0000000E+00   1.5636385E-04   0.0000000E+00
  3.68354915E+02   1.6220771E-04   0.0000000E+00   1.5867554E-04   0.0000000E+00
  3.78354915E+02   1.6436206E-04   0.0000000E+00   1.6090701E-04   0.0000000E+00
  3.88354915E+02   1.6643952E-04   0.0000000E+00   1.6306129E-04   0.0000000E+00
  3.98354915E+02   1.6844202E-04   0.0000000E+00   1.6514004E-04   0.0000000E+00
  4.08354915E+02   1.7037149E-04   0.0000000E+00   1.6714702E-04   0.0000000E+00
  4.18354915E+02   1.7222856E-04   0.0000000E+00   1.6908322E-04   0.0000000E+00
  4.28354915E+02   1.7401810E-04   0.0000000E+00   1.7095185E-04   0.0000000E+00
  4.38354915E+02   1.7574179E-04   0.0000000E+00   1.7275535E-04   0.0000000E+00
  4.48354915E+02   1.7740206E-04   0.0000000E+00   1.7449520E-04   0.0000000E+00
  4.58354915E+02   1.7899677E-04   0.0000000E+00   1.7617153E-04   0.0000000E+00
  4.68354915E+02   1.8053439E-04   0.0000000E+00   1.7778879E-04   0.0000000E+00
  4.78354915E+02   1.8201105E-04   0.0000000E+00   1.7934637E-04   0.0000000E+00
  4.88354915E+02   1.8343374E-04   0.0000000E+00   1.8084974E-04   0.0000000E+00
  4.98354915E+02   1.8480147E-04   0.0000000E+00   1.8229744E-04   0.0000000E+00
  5.08354915E+02   1.8611724E-04   0.0000000E+00   1.8369116E-04   0.0000000E+00
  5.18354915E+02   1.8738226E-04   0.0000000E+00   1.8503216E-04   0.0000000E+00
  5.28354915E+02   1.8859815E-04   0.0000000E+00   1.8632235E-04   0.0000000E+00
  5.38354915E+02   1.8976377E-04   0.0000000E+00   1.8756238E-04   0.0000000E+00
  5.48354915E+02   1.9088470E-04   0.0000000E+00   1.8875465E-04   0.0000000E+00
  5.58354915E+02   1.9196151E-04   0.0000000E+00   1.8989938E-04   0.0000000E+00
  5.68354915E+02   1.9299535E-04   0.0000000E+00   1.9099755E-04   0.0000000E+00
  5.78354915E+02   1.9398793E-04   0.0000000E+00   1.9205131E-04   0.0000000E+00
  5.88354915E+02   1.9493458E-04   0.0000000E+00   1.9306173E-04   0.0000000E+00
  5.98354915E+02   1.9584465E-04   0.0000000E+00   1.9403218E-04   0.0000000E+00
  6.08354915E+02   1.9671786E-04   0.0000000E+00   1.9496228E-04   0.0000000E+00
  6.18354915E+02   1.9755450E-04   0.0000000E+00   1.9585595E-04   0.0000000E+00
  6.28354915E+02   1.9835676E-04   0.0000000E+00   1.9671182E-04   0.0000000E+00
  6.38354915E+02   1.9912649E-04   0.0000000E+00   1.9753144E-04   0.0000000E+00
  6.48354915E+02   1.9986397E-04   0.0000000E+00   1.9831457E-04   0.0000000E+00
  6.58354915E+02   2.0057102E-04   0.0000000E+00   1.9906309E-04   0.0000000E+00
  6.68354915E+02   2.0124835E-04   0.0000000E+00   1.9977858E-04   0.0000000E+00
  6.78354915E+02   2.0189327E-04   0.0000000E+00   2.0046214E-04   0.0000000E+00
  6.88354915E+02   2.0251077E-04   0.0000000E+00   2.0111670E-04   0.0000000E+00
  6.98354915E+02   2.0310027E-04   0.0000000E+00   2.0174290E-04   0.0000000E+00
  7.08354915E+02   2.0366531E-04   0.0000000E+00   2.0234136E-04   0.0000000E+00
  7.18354915E+02   2.0420591E-04   0.0000000E+00   2.0291221E-04   0.0000000E+00
  7.28354915E+02   2.0472223E-04   0.0000000E+00   2.0345637E-04   0.0000000E+00
  7.38354915E+02   2.0521503E-04   0.0000000E+00   2.0397525E-04   0.0000000E+00
  7.48354915E+02   2.0568325E-04   0.0000000E+00   2.0446825E-04   0.0000000E+00
  7.58354915E+02   2.0612942E-04   0.0000000E+00   2.0493748E-04   0.0000000E+00
  7.68354915E+02   2.0655437E-04   0.0000000E+00   2.0538312E-04   0.0000000E+00
  7.78354915E+02   2.0695872E-04   0.0000000E+00   2.0580550E-04   0.0000000E+00
  7.88354915E+02   2.0734500E-04   0.0000000E+00   2.0620480E-04   0.0000000E+00
  7.98354915E+02   2.0771246E-04   0.0000000E+00   2.0658220E-04   0.0000000E+00
  8.08354915E+02   2.0806126E-04   0.0000000E+00   2.0693868E-04   0.0000000E+00
  8.18354915E+02   2.0839032E-04   0.0000000E+00   2.0727527E-04   0.0000000E+00
  8.28354915E+02   2.0870230E-04   0.0000000E+00   2.0759500E-04   0.0000000E+00
  8.38354915E+02   2.0899739E-04   0.0000000E+00   2.0789834E-04   0.0000000E+00
  8.48354915E+02   2.0927597E-04   0.0000000E+00   2.0818434E-04   0.0000000E+00
  8.58354915E+02   2.0953844E-04   0.0000000E+00   2.0845494E-04   0.0000000E+00
  8.68354915E+02   2.0978532E-04   0.0000000E+00   2.0870928E-04   0.0000000E+00
  8.78354915E+02   2.1001764E-04   0.0000000E+00   2.0894787E-04   0.0000000E+00
  8.88354915E+02   2.1023623E-04   0.0000000E+00   2.0917127E-04   0.0000000E+00
  8.98354915E+02   2.1044280E-04   0.0000000E+00   2.0937997E-04   0.0000000E+00
  9.08354915E+02   2.1063511E-04   0.0000000E+00   2.0957438E-04   0.0000000E+00
  9.18354915E+02   2.1081601E-04   0.0000000E+00   2.0975656E-04   0.0000000E+00
  9.28354915E+02   2.1098601E-04   0.0000000E+00   2.0992649E-04   0.0000000E+00
  9.38354915E+02   2.1114420E-04   0.0000000E+00   2.1008538E-04   0.0000000E+00
  9.48354915E+02   2.1128457E-04   0.0000000E+00   2.1023291E-04   0.0000000E+00
  9.58354915E+02   2.1141639E-04   0.0000000E+00   2.1037317E-04   0.0000000E+00
  9.68354915E+02   2.1153624E-04   0.0000000E+00   2.1050418E-04   0.0000000E+00
  9.78354915E+02   2.1164697E-04   0.0000000E+00   2.1062737E-04   0.0000000E+00
  9.88354915E+02   2.1174635E-04   0.0000000E+00   2.1074043E-04   0.0000000E+00
  9.98354915E+02   2.1183608E-04   0.0000000E+00   2.1084387E-04   0.0000000E+00
  1.00835491E+03   2.1191637E-04   0.0000000E+00   2.1093741E-04   0.0000000E+00
  1.01835491E+03   2.1198526E-04   0.0000000E+00   2.1102119E-04   0.0000000E+00
  1.02835491E+03   2.1204475E-04   0.0000000E+00   2.1109635E-04   0.0000000E+00
  1.03835491E+03   2.1209613E-04   0.0000000E+00   2.1116269E-04   0.0000000E+00
  1.04835491E+03   2.1213796E-04   0.0000000E+00   2.1122201E-04   0.0000000E+00
  1.05835491E+03   2.1217240E-04   0.0000000E+00   2.1127243E-04   0.0000000E+00
  1.06835491E+03   2.1219913E-04   0.0000000E+00   2.1131405E-04   0.0000000E+00
  1.07835491E+03   2.1221311E-04   0.0000000E+00   2.1134588E-04   0.0000000E+00
  1.08835491E+03   2.1222115E-04   0.0000000E+00   2.1137090E-04   0.0000000E+00
  1.09835491E+03   2.1222222E-04   0.0000000E+00   2.1138776E-04   0.0000000E+00
  1.10835491E+03   2.1221579E-04   0.0000000E+00   2.1139580E-04   0.0000000E+00
  1.11835491E+03   2.1220182E-04   0.0000000E+00   2.1139487E-04   0.0000000E+00
  1.12835491E+03   2.1218036E-04   0.0000000E+00   2.1138502E-04   0.0000000E+00
  1.13835491E+03   2.1215155E-04   0.0000000E+00   2.1136842E-04   0.0000000E+00
  1.14835491E+03   2.1211544E-04   0.0000000E+00   2.1134407E-04   0.0000000E+00
  1.15835491E+03   2.1206812E-04   0.0000000E+00   2.1131201E-04   0.0000000E+00
  1.16835491E+03   2.1201583E-04   0.0000000E+00   2.1127442E-04   0.0000000E+00
  1.17835491E+03   2.1195807E-04   0.0000000E+00   2.1123056E-04   0.0000000E+00
  1.18835491E+03   2.1189584E-04   0.0000000E+00   2.1118001E-04   0.0000000E+00
  1.19835491E+03   2.1182930E-04   0.0000000E+00   2.1112267E-04   0.0000000E+00
  1.20835491E+03   2.1175770E-04   0.0000000E+00   2.1105891E-04   0.0000000E+00
  1.21835491E+03   2.1168193E-04   0.0000000E+00   2.1098910E-04   0.0000000E+00
  1.22835491E+03   2.1160238E-04   0.0000000E+00   2.1091399E-04   0.0000000E+00
  1.23835491E+03   2.1151889E-04   0.0000000E+00   2.1083454E-04   0.0000000E+00
  1.24835491E+03   2.1143110E-04   0.0000000E+00   2.1075178E-04   0.0000000E+00
  1.25835491E+03   2.1133908E-04   0.0000000E+00   2.1066591E-04   0.0000000E+00
  1.26835491E+03   2.1124286E-04   0.0000000E+00   2.1057661E-04   0.0000000E+00
  1.27835491E+03   2.1114259E-04   0.0000000E+00   2.1048422E-04   0.0000000E+00
  1.28835491E+03   2.1103858E-04   0.0000000E+00   2.1038823E-04   0.0000000E+00
  1.29835491E+03   2.1093130E-04   0.0000000E+00   2.1028877E-04   0.0000000E+00
  1.30835491E+03   2.1081934E-04   0.0000000E+00   2.1018596E-04   0.0000000E+00
  1.31835491E+03   2.1070536E-04   0.0000000E+00   2.1008071E-04   0.0000000E+00
  1.32835491E+03   2.1058998E-04   0.0000000E+00   2.0997314E-04   0.0000000E+00
  1.33835491E+03   2.1047065E-04   0.0000000E+00   2.0986274E-04   0.0000000E+00
  1.34835491E+03   2.1035023E-04   0.0000000E+00   2.0975091E-04   0.0000000E+00
  1.35835491E+03   2.1022822E-04   0.0000000E+00   2.0964033E-04   0.0000000E+00
  1.36835491E+03   2.1010487E-04   0.0000000E+00   2.0952841E-04   0.0000000E+00
  1.37835491E+03   2.0997919E-04   0.0000000E+00   2.0941451E-04   0.0000000E+00
  1.38835491E+03   2.0984897E-04   0.0000000E+00   2.0929777E-04   0.0000000E+00
  1.39835491E+03   2.0971710E-04   0.0000000E+00   2.0917933E-04   0.0000000E+00
  1.40835491E+03   2.0958316E-04   0.0000000E+00   2.0905916E-04   0.0000000E+00
  1.41835491E+03   2.0944692E-04   0.0000000E+00   2.0893604E-04   0.0000000E+00
  1.42835491E+03   2.0930848E-04   0.0000000E+00   2.0880966E-04   0.0000000E+00
  1.43835491E+03   2.0916924E-04   0.0000000E+00   2.0867993E-04   0.0000000E+00
  1.44835491E+03   2.0902796E-04   0.0000000E+00   2.0854679E-04   0.0000000E+00
  1.45835491E+03   2.0888462E-04   0.0000000E+00   2.0841024E-04   0.0000000E+00
  1.46835491E+03   2.0873926E-04   0.0000000E+00   2.0827061E-04   0.0000000E+00
  1.47835491E+03   2.0859256E-04   0.0000000E+00   2.0812787E-04   0.0000000E+00
  1.48835491E+03   2.0844501E-04   0.0000000E+00   2.0798203E-04   0.0000000E+00
  1.49835491E+03   2.0829577E-04   0.0000000E+00   2.0783493E-04   0.0000000E+00
  1.50835491E+03   2.0814483E-04   0.0000000E+00   2.0768542E-04   0.0000000E+00
  1.51835491E+03   2.0799226E-04   0.0000000E+00   2.0753339E-04   0.0000000E+00
  1.52835491E+03   2.0783804E-04   0.0000000E+00   2.0737977E-04   0.0000000E+00
  1.53835491E+03   2.0768228E-04   0.0000000E+00   2.0722623E-04   0.0000000E+00
  1.54835491E+03   2.0752167E-04   0.0000000E+00   2.0707075E-04   0.0000000E+00
  1.55835491E+03   2.0736125E-04   0.0000000E+00   2.0691535E-04   0.0000000E+00
  1.56835491E+03   2.0719825E-04   0.0000000E+00   2.0675937E-04   0.0000000E+00
  1.57835491E+03   2.0703522E-04   0.0000000E+00   2.0660340E-04   0.0000000E+00
  1.58835491E+03   2.0687142E-04   0.0000000E+00   2.0644604E-04   0.0000000E+00
  1.59835491E+03   2.0670547E-04   0.0000000E+00   2.0628941E-04   0.0000000E+00
  1.60835491E+03   2.0653424E-04   0.0000000E+00   2.0613120E-04   0.0000000E+00
  1.61835491E+03   2.0636439E-04   0.0000000E+00   2.0597407E-04   0.0000000E+00
  1.62835491E+03   2.0619526E-04   0.0000000E+00   2.0581650E-04   0.0000000E+00
  1.63835491E+03   2.0602606E-04   0.0000000E+00   2.0565762E-04   0.0000000E+00
  1.64835491E+03   2.0585612E-04   0.0000000E+00   2.0549708E-04   0.0000000E+00
  1.65835491E+03   2.0568337E-04   0.0000000E+00   2.0533542E-04   0.0000000E+00
  1.66835491E+03   2.0551063E-04   0.0000000E+00   2.0517308E-04   0.0000000E+00
  1.67835491E+03   2.0533801E-04   0.0000000E+00   2.0500970E-04   0.0000000E+00
  1.68835491E+03   2.0516570E-04   0.0000000E+00   2.0484552E-04   0.0000000E+00
  1.69835491E+03   2.0499280E-04   0.0000000E+00   2.0467982E-04   0.0000000E+00
  1.70835491E+03   2.0481759E-04   0.0000000E+00   2.0451329E-04   0.0000000E+00
  1.71835491E+03   2.0464230E-04   0.0000000E+00   2.0434622E-04   0.0000000E+00
  1.72835491E+03   2.0446655E-04   0.0000000E+00   2.0417901E-04   0.0000000E+00
  1.73835491E+03   2.0429065E-04   0.0000000E+00   2.0401093E-04   0.0000000E+00
  1.74835491E+03   2.0411415E-04   0.0000000E+00   2.0384200E-04   0.0000000E+00
  1.75835491E+03   2.0393697E-04   0.0000000E+00   2.0367182E-04   0.0000000E+00
  1.76835491E+03   2.0375464E-04   0.0000000E+00   2.0350009E-04   0.0000000E+00
  1.77835491E+03   2.0357351E-04   0.0000000E+00   2.0332907E-04   0.0000000E+00
  1.78835491E+03   2.0339028E-04   0.0000000E+00   2.0315813E-04   0.0000000E+00
  1.79835491E+03   2.0320750E-04   0.0000000E+00   2.0298715E-04   0.0000000E+00
  1.80835491E+03   2.0302443E-04   0.0000000E+00   2.0281511E-04   0.0000000E+00
  1.81835491E+03   2.0284072E-04   0.0000000E+00   2.0264148E-04   0.0000000E+00
  1.82835491E+03   2.0265621E-04   0.0000000E+00   2.0246653E-04   0.0000000E+00
  1.83835491E+03   2.0246762E-04   0.0000000E+00   2.0228893E-04   0.0000000E+00
  1.84835491E+03   2.0227963E-04   0.0000000E+00   2.0211093E-04   0.0000000E+00
  1.85835491E+03   2.0209146E-04   0.0000000E+00   2.0193163E-04   0.0000000E+00
  1.86835491E+03   2.0190268E-04   0.0000000E+00   2.0175056E-04   0.0000000E+00
  1.87835491E+03   2.0171313E-04   0.0000000E+00   2.0156797E-04   0.0000000E+00
  1.88835491E+03   2.0152348E-04   0.0000000E+00   2.0138363E-04   0.0000000E+00
  1.89835491E+03   2.0133364E-04   0.0000000E+00   2.0119789E-04   0.0000000E+00
  1.90835491E+03   2.0114316E-04   0.0000000E+00   2.0101062E-04   0.0000000E+00
  1.91835491E+03   2.0095022E-04   0.0000000E+00   2.0082158E-04   0.0000000E+00
  1.92835491E+03   2.0075767E-04   0.0000000E+00   2.0063204E-04   0.0000000E+00
  1.93835491E+03   2.0056626E-04   0.0000000E+00   2.0044274E-04   0.0000000E+00
  1.94835491E+03   2.0037505E-04   0.0000000E+00   2.0025312E-04   0.0000000E+00
  1.95835491E+03   2.0018359E-04   0.0000000E+00   2.0006309E-04   0.0000000E+00
  1.96835491E+03   1.9999184E-04   0.0000000E+00   1.9987269E-04   0.0000000E+00
  1.97835491E+03   1.9979990E-04   0.0000000E+00   1.9968335E-04   0.0000000E+00
  1.98835491E+03   1.9960857E-04   0.0000000E+00   1.9949399E-04   0.0000000E+00
  1.99835491E+03   1.9941704E-04   0.0000000E+00   1.9930497E-04   0.0000000E+00
  2.00835491E+03   1.9922692E-04   0.0000000E+00   1.9911698E-04   0.0000000E+00
  2.01835491E+03   1.9903758E-04   0.0000000E+00   1.9892898E-04   0.0000000E+00
  2.02835491E+03   1.9884858E-04   0.0000000E+00   1.9874189E-04   0.0000000E+00
  2.03835491E+03   1.9865756E-04   0.0000000E+00   1.9855812E-04   0.0000000E+00
  2.04835491E+03   1.9846746E-04   0.0000000E+00   1.9837570E-04   0.0000000E+00
  2.05835491E+03   1.9827786E-04   0.0000000E+00   1.9819433E-04   0.0000000E+00
  2.06835491E+03   1.9808850E-04   0.0000000E+00   1.9801329E-04   0.0000000E+00
  2.07835491E+03   1.9789930E-04   0.0000000E+00   1.9783238E-04   0.0000000E+00
  2.08835491E+03   1.9771051E-04   0.0000000E+00   1.9765164E-04   0.0000000E+00
  2.09835491E+03   1.9752189E-04   0.0000000E+00   1.9747089E-04   0.0000000E+00
  2.10835491E+03   1.9733346E-04   0.0000000E+00   1.9729006E-04   0.0000000E+00
  2.11835491E+03   1.9714324E-04   0.0000000E+00   1.9710982E-04   0.0000000E+00
  2.12835491E+03   1.9695398E-04   0.0000000E+00   1.9693082E-04   0.0000000E+00
  2.13835491E+03   1.9676553E-04   0.0000000E+00   1.9675261E-04   0.0000000E+00
  2.14835491E+03   1.9657787E-04   0.0000000E+00   1.9657469E-04   0.0000000E+00
  2.15835491E+03   1.9639150E-04   0.0000000E+00   1.9639687E-04   0.0000000E+00
  2.16835491E+03   1.9620601E-04   0.0000000E+00   1.9621906E-04   0.0000000E+00
  2.17835491E+03   1.9602094E-04   0.0000000E+00   1.9604117E-04   0.0000000E+00
  2.18835491E+03   1.9583648E-04   0.0000000E+00   1.9586319E-04   0.0000000E+00
  2.19835491E+03   1.9565260E-04   0.0000000E+00   1.9568506E-04   0.0000000E+00
  2.20835491E+03   1.9546971E-04   0.0000000E+00   1.9550718E-04   0.0000000E+00
  2.21835491E+03   1.9528728E-04   0.0000000E+00   1.9533046E-04   0.0000000E+00
  2.22835491E+03   1.9510607E-04   0.0000000E+00   1.9515550E-04   0.0000000E+00
  2.23835491E+03   1.9492597E-04   0.0000000E+00   1.9498193E-04   0.0000000E+00
  2.24835491E+03   1.9474651E-04   0.0000000E+00   1.9480877E-04   0.0000000E+00
  2.25835491E+03   1.9456757E-04   0.0000000E+00   1.9463645E-04   0.0000000E+00
  2.26835491E+03   1.9438930E-04   0.0000000E+00   1.9446433E-04   0.0000000E+00
  2.27835491E+03   1.9421199E-04   0.0000000E+00   1.9429377E-04   0.0000000E+00
  2.28835491E+03   1.9403054E-04   0.0000000E+00   1.9412396E-04   0.0000000E+00
  2.29835491E+03   1.9385165E-04   0.0000000E+00   1.9395643E-04   0.0000000E+00
  2.30835491E+03   1.9367401E-04   0.0000000E+00   1.9378952E-04   0.0000000E+00
  2.31835491E+03   1.9349695E-04   0.0000000E+00   1.9362235E-04   0.0000000E+00
  2.32835491E+03   1.9331933E-04   0.0000000E+00   1.9345775E-04   0.0000000E+00
  2.33835491E+03   1.9314259E-04   0.0000000E+00   1.9329316E-04   0.0000000E+00
  2.34835491E+03   1.9296639E-04   0.0000000E+00   1.9312816E-04   0.0000000E+00
  2.35835491E+03   1.9279054E-04   0.0000000E+00   1.9296251E-04   0.0000000E+00
  2.36835491E+03   1.9261493E-04   0.0000000E+00   1.9279613E-04   0.0000000E+00
  2.37835491E+03   1.9243588E-04   0.0000000E+00   1.9262821E-04   0.0000000E+00
  2.38835491E+03   1.9225876E-04   0.0000000E+00   1.9246133E-04   0.0000000E+00
  2.39835491E+03   1.9208254E-04   0.0000000E+00   1.9229441E-04   0.0000000E+00
  2.40835491E+03   1.9190667E-04   0.0000000E+00   1.9212738E-04   0.0000000E+00
  2.41835491E+03   1.9173092E-04   0.0000000E+00   1.9195966E-04   0.0000000E+00
  2.42835491E+03   1.9155528E-04   0.0000000E+00   1.9179130E-04   0.0000000E+00
  2.43835491E+03   1.9137969E-04   0.0000000E+00   1.9162231E-04   0.0000000E+00
  2.44835491E+03   1.9120416E-04   0.0000000E+00   1.9145262E-04   0.0000000E+00
  2.45835491E+03   1.9102869E-04   0.0000000E+00   1.9128251E-04   0.0000000E+00
  2.46835491E+03   1.9085329E-04   0.0000000E+00   1.9111178E-04   0.0000000E+00
  2.47835491E+03   1.9067798E-04   0.0000000E+00   1.9094066E-04   0.0000000E+00
  2.48835491E+03   1.9050313E-04   0.0000000E+00   1.9076915E-04   0.0000000E+00
  2.49835491E+03   1.9032608E-04   0.0000000E+00   1.9059799E-04   0.0000000E+00
  2.50835491E+03   1.9015023E-04   0.0000000E+00   1.9042785E-04   0.0000000E+00
  2.51835491E+03   1.8997504E-04   0.0000000E+00   1.9025806E-04   0.0000000E+00
  2.52835491E+03   1.8980021E-04   0.0000000E+00   1.9008822E-04   0.0000000E+00
  2.53835491E+03   1.8962561E-04   0.0000000E+00   1.8991815E-04   0.0000000E+00
  2.54835491E+03   1.8945135E-04   0.0000000E+00   1.8974775E-04   0.0000000E+00
  2.55835491E+03   1.8927388E-04   0.0000000E+00   1.8957608E-04   0.0000000E+00
  2.56835491E+03   1.8909821E-04   0.0000000E+00   1.8940597E-04   0.0000000E+00
  2.57835491E+03   1.8892139E-04   0.0000000E+00   1.8923680E-04   0.0000000E+00
  2.58835491E+03   1.8874574E-04   0.0000000E+00   1.8906850E-04   0.0000000E+00
  2.59835491E+03   1.8856615E-04   0.0000000E+00   1.8890029E-04   0.0000000E+00
  2.60835491E+03   1.8838885E-04   0.0000000E+00   1.8873397E-04   0.0000000E+00
  2.61835491E+03   1.8821264E-04   0.0000000E+00   1.8856932E-04   0.0000000E+00
  2.62835491E+03   1.8803682E-04   0.0000000E+00   1.8840440E-04   0.0000000E+00
  2.63835491E+03   1.8786108E-04   0.0000000E+00   1.8823873E-04   0.0000000E+00
  2.64835491E+03   1.8768532E-04   0.0000000E+00   1.8807213E-04   0.0000000E+00
  2.65835491E+03   1.8750950E-04   0.0000000E+00   1.8790448E-04   0.0000000E+00
  2.66835491E+03   1.8733360E-04   0.0000000E+00   1.8773573E-04   0.0000000E+00
  2.67835491E+03   1.8715759E-04   0.0000000E+00   1.8756604E-04   0.0000000E+00
  2.68835491E+03   1.8698148E-04   0.0000000E+00   1.8739528E-04   0.0000000E+00
  2.69835491E+03   1.8680527E-04   0.0000000E+00   1.8722343E-04   0.0000000E+00
  2.70835491E+03   1.8662897E-04   0.0000000E+00   1.8705102E-04   0.0000000E+00
  2.71835491E+03   1.8645259E-04   0.0000000E+00   1.8687793E-04   0.0000000E+00
  2.72835491E+03   1.8627619E-04   0.0000000E+00   1.8670400E-04   0.0000000E+00
  2.73835491E+03   1.8609978E-04   0.0000000E+00   1.8652927E-04   0.0000000E+00
  2.74835491E+03   1.8592340E-04   0.0000000E+00   1.8635377E-04   0.0000000E+00
  2.75835491E+03   1.8574706E-04   0.0000000E+00   1.8617753E-04   0.0000000E+00
  2.76835491E+03   1.8557079E-04   0.0000000E+00   1.8600060E-04   0.0000000E+00
  2.77835491E+03   1.8539471E-04   0.0000000E+00   1.8582302E-04   0.0000000E+00
  2.78835491E+03   1.8521927E-04   0.0000000E+00   1.8564528E-04   0.0000000E+00
  2.79835491E+03   1.8504404E-04   0.0000000E+00   1.8546708E-04   0.0000000E+00
  2.80835491E+03   1.8486903E-04   0.0000000E+00   1.8528846E-04   0.0000000E+00
  2.81835491E+03   1.8469425E-04   0.0000000E+00   1.8510946E-04   0.0000000E+00
  2.82835491E+03   1.8451790E-04   0.0000000E+00   1.8493125E-04   0.0000000E+00
  2.83835491E+03   1.8434322E-04   0.0000000E+00   1.8475509E-04   0.0000000E+00
  2.84835491E+03   1.8416936E-04   0.0000000E+00   1.8458029E-04   0.0000000E+00
  2.85835491E+03   1.8399610E-04   0.0000000E+00   1.8440596E-04   0.0000000E+00
  2.86835491E+03   1.8382377E-04   0.0000000E+00   1.8423196E-04   0.0000000E+00
  2.87835491E+03   1.8365267E-04   0.0000000E+00   1.8405818E-04   0.0000000E+00
  2.88835491E+03   1.8348211E-04   0.0000000E+00   1.8388519E-04   0.0000000E+00
  2.89835491E+03   1.8331205E-04   0.0000000E+00   1.8371329E-04   0.0000000E+00
  2.90835491E+03   1.8314274E-04   0.0000000E+00   1.8354294E-04   0.0000000E+00
  2.91835491E+03   1.8297464E-04   0.0000000E+00   1.8337409E-04   0.0000000E+00
  2.92835491E+03   1.8280887E-04   0.0000000E+00   1.8320600E-04   0.0000000E+00
  2.93835491E+03   1.8264403E-04   0.0000000E+00   1.8303830E-04   0.0000000E+00
  2.94835491E+03   1.8247982E-04   0.0000000E+00   1.8287298E-04   0.0000000E+00
  2.95835491E+03   1.8231642E-04   0.0000000E+00   1.8270925E-04   0.0000000E+00
  2.96835491E+03   1.8215362E-04   0.0000000E+00   1.8254636E-04   0.0000000E+00
  2.97835491E+03   1.8198805E-04   0.0000000E+00   1.8238322E-04   0.0000000E+00
  2.98835491E+03   1.8182260E-04   0.0000000E+00   1.8222390E-04   0.0000000E+00
  2.99835491E+03   1.8165927E-04   0.0000000E+00   1.8206697E-04   0.0000000E+00
  3.00835491E+03   1.8149706E-04   0.0000000E+00   1.8191140E-04   0.0000000E+00
  3.01835491E+03   1.8133553E-04   0.0000000E+00   1.8175678E-04   0.0000000E+00
  3.02835491E+03   1.8117450E-04   0.0000000E+00   1.8160259E-04   0.0000000E+00
  3.03835491E+03   1.8101388E-04   0.0000000E+00   1.8144867E-04   0.0000000E+00
  3.04835491E+03   1.8085384E-04   0.0000000E+00   1.8129491E-04   0.0000000E+00
  3.05835491E+03   1.8069444E-04   0.0000000E+00   1.8114121E-04   0.0000000E+00
  3.06835491E+03   1.8053587E-04   0.0000000E+00   1.8098754E-04   0.0000000E+00
  3.07835491E+03   1.8037552E-04   0.0000000E+00   1.8083446E-04   0.0000000E+00
  3.08835491E+03   1.8021452E-04   0.0000000E+00   1.8068364E-04   0.0000000E+00
  3.09835491E+03   1.8005545E-04   0.0000000E+00   1.8053474E-04   0.0000000E+00
  3.10835491E+03   1.7989779E-04   0.0000000E+00   1.8038668E-04   0.0000000E+00
  3.11835491E+03   1.7974152E-04   0.0000000E+00   1.8023898E-04   0.0000000E+00
  3.12835491E+03   1.7958596E-04   0.0000000E+00   1.8009233E-04   0.0000000E+00
  3.13835491E+03   1.7943086E-04   0.0000000E+00   1.7994570E-04   0.0000000E+00
  3.14835491E+03   1.7927613E-04   0.0000000E+00   1.7979887E-04   0.0000000E+00
  3.15835491E+03   1.7912177E-04   0.0000000E+00   1.7965175E-04   0.0000000E+00
  3.16835491E+03   1.7896845E-04   0.0000000E+00   1.7950518E-04   0.0000000E+00
  3.17835491E+03   1.7881588E-04   0.0000000E+00   1.7935823E-04   0.0000000E+00
  3.18835491E+03   1.7866367E-04   0.0000000E+00   1.7921084E-04   0.0000000E+00
  3.19835491E+03   1.7851180E-04   0.0000000E+00   1.7906301E-04   0.0000000E+00
  3.20835491E+03   1.7836025E-04   0.0000000E+00   1.7891470E-04   0.0000000E+00
  3.21835491E+03   1.7820936E-04   0.0000000E+00   1.7876588E-04   0.0000000E+00
  3.22835491E+03   1.7805938E-04   0.0000000E+00   1.7861658E-04   0.0000000E+00
  3.23835491E+03   1.7790976E-04   0.0000000E+00   1.7846772E-04   0.0000000E+00
  3.24835491E+03   1.7776045E-04   0.0000000E+00   1.7831872E-04   0.0000000E+00
  3.25835491E+03   1.7761145E-04   0.0000000E+00   1.7816930E-04   0.0000000E+00
  3.26835491E+03   1.7746081E-04   0.0000000E+00   1.7802044E-04   0.0000000E+00
  3.27835491E+03   1.7731150E-04   0.0000000E+00   1.7787293E-04   0.0000000E+00
  3.28835491E+03   1.7716280E-04   0.0000000E+00   1.7772535E-04   0.0000000E+00
  3.29835491E+03   1.7701441E-04   0.0000000E+00   1.7757725E-04   0.0000000E+00
  3.30835491E+03   1.7686510E-04   0.0000000E+00   1.7743072E-04   0.0000000E+00
  3.31835491E+03   1.7671673E-04   0.0000000E+00   1.7728448E-04   0.0000000E+00
  3.32835491E+03   1.7656893E-04   0.0000000E+00   1.7713855E-04   0.0000000E+00
  3.33835491E+03   1.7642153E-04   0.0000000E+00   1.7699250E-04   0.0000000E+00
  3.34835491E+03   1.7627443E-04   0.0000000E+00   1.7684611E-04   0.0000000E+00
  3.35835491E+03   1.7612760E-04   0.0000000E+00   1.7669936E-04   0.0000000E+00
  3.36835491E+03   1.7598104E-04   0.0000000E+00   1.7655226E-04   0.0000000E+00
  3.37835491E+03   1.7583473E-04   0.0000000E+00   1.7640484E-04   0.0000000E+00
  3.38835491E+03   1.7568868E-04   0.0000000E+00   1.7625713E-04   0.0000000E+00
  3.39835491E+03   1.7554288E-04   0.0000000E+00   1.7610915E-04   0.0000000E+00
  3.40835491E+03   1.7539733E-04   0.0000000E+00   1.7596093E-04   0.0000000E+00
  3.41835491E+03   1.7525203E-04   0.0000000E+00   1.7581296E-04   0.0000000E+00
  3.42835491E+03   1.7510699E-04   0.0000000E+00   1.7566488E-04   0.0000000E+00
  3.43835491E+03   1.7496223E-04   0.0000000E+00   1.7551671E-04   0.0000000E+00
  3.44835491E+03   1.7481774E-04   0.0000000E+00   1.7536847E-04   0.0000000E+00
  3.45835491E+03   1.7467353E-04   0.0000000E+00   1.7522080E-04   0.0000000E+00
  3.46835491E+03   1.7452741E-04   0.0000000E+00   1.7507433E-04   0.0000000E+00
  3.47835491E+03   1.7438251E-04   0.0000000E+00   1.7492927E-04   0.0000000E+00
  3.48835491E+03   1.7423839E-04   0.0000000E+00   1.7478507E-04   0.0000000E+00
  3.49835491E+03   1.7409478E-04   0.0000000E+00   1.7464138E-04   0.0000000E+00
  3.50835491E+03   1.7395159E-04   0.0000000E+00   1.7449803E-04   0.0000000E+00
  3.51835491E+03   1.7380877E-04   0.0000000E+00   1.7435493E-04   0.0000000E+00
  3.52835491E+03   1.7366631E-04   0.0000000E+00   1.7421200E-04   0.0000000E+00
  3.53835491E+03   1.7352420E-04   0.0000000E+00   1.7406920E-04   0.0000000E+00
  3.54835491E+03   1.7338243E-04   0.0000000E+00   1.7392650E-04   0.0000000E+00
  3.55835491E+03   1.7324099E-04   0.0000000E+00   1.7378389E-04   0.0000000E+00
  3.56835491E+03   1.7309985E-04   0.0000000E+00   1.7364134E-04   0.0000000E+00
  3.57835491E+03   1.7295901E-04   0.0000000E+00   1.7349884E-04   0.0000000E+00
  3.58835491E+03   1.7281451E-04   0.0000000E+00   1.7335548E-04   0.0000000E+00
  3.59417746E+03   1.7273360E-04   0.0000000E+00   1.7612682E-04   0.0000000E+00
  3.60000000E+03   1.7265452E-04   0.0000000E+00   1.7591534E-04   0.0000000E+00
