      0  0.00000000E+00     NSTEP   TIME
 SURFACE NODE =   441  X =   1.0000E+01  Y =   0.0000E+00
              Z  PRESSURE HEAD             SW           CKRW        QTRANIE
   3.350000E-01   0.000000E+00   1.000000E+00   1.000000E+00   0.000000E+00   1.000000E+00
   3.290000E-01   6.000000E-03   1.000000E+00   1.000000E+00   0.000000E+00   1.000000E+00
   3.170000E-01   1.800000E-02   1.000000E+00   1.000000E+00   0.000000E+00   1.000000E+00
   2.990000E-01   3.600000E-02   1.000000E+00   1.000000E+00   0.000000E+00   1.000000E+00
   2.750000E-01   6.000000E-02   1.000000E+00   1.000000E+00   0.000000E+00   1.000000E+00
   2.450000E-01   9.000000E-02   1.000000E+00   1.000000E+00   0.000000E+00   1.000000E+00
   2.150000E-01   1.200000E-01   1.000000E+00   1.000000E+00   0.000000E+00   1.000000E+00
   1.550000E-01   1.800000E-01   1.000000E+00   1.000000E+00   0.000000E+00   1.000000E+00
   9.500000E-02   2.400000E-01   1.000000E+00   1.000000E+00   0.000000E+00   1.000000E+00
  -5.500000E-02   3.900000E-01   1.000000E+00   1.000000E+00   0.000000E+00   1.000000E+00
  -2.050000E-01   5.400000E-01   1.000000E+00   1.000000E+00   0.000000E+00   1.000000E+00
  -5.050000E-01   8.400000E-01   1.000000E+00   1.000000E+00   0.000000E+00   1.000000E+00
  -8.050000E-01   1.140000E+00   1.000000E+00   1.000000E+00   0.000000E+00   1.000000E+00
  -1.405000E+00   1.740000E+00   1.000000E+00   1.000000E+00   0.000000E+00   1.000000E+00
  -2.005000E+00   2.340000E+00   1.000000E+00   1.000000E+00   0.000000E+00   1.000000E+00
  -2.665000E+00   3.000000E+00   1.000000E+00   1.000000E+00   0.000000E+00   1.000000E+00
    339  1.80835491E+03     NSTEP   TIME
 SURFACE NODE =   441  X =   1.0000E+01  Y =   0.0000E+00
              Z  PRESSURE HEAD             SW           CKRW        QTRANIE
   3.350000E-01   4.939936E-03   1.000000E+00   1.000000E+00   0.000000E+00   1.027349E+00
   3.290000E-01   1.174398E-02   1.000000E+00   1.000000E+00   0.000000E+00   9.990639E-01
   3.170000E-01   2.533293E-02   1.000000E+00   1.000000E+00   0.000000E+00   9.954129E-01
   2.990000E-01   4.567153E-02   1.000000E+00   1.000000E+00   0.000000E+00   9.914589E-01
   2.750000E-01   7.271065E-02   1.000000E+00   1.000000E+00   0.000000E+00   9.864954E-01
   2.450000E-01   1.063902E-01   1.000000E+00   1.000000E+00   0.000000E+00   9.864202E-01
   2.150000E-01   1.399494E-01   1.000000E+00   1.000000E+00   0.000000E+00   1.000787E+00
   1.550000E-01   2.066937E-01   1.000000E+00   1.000000E+00   0.000000E+00   9.703619E-01
   9.500000E-02   2.730360E-01   1.000000E+00   1.000000E+00   0.000000E+00   1.003288E+00
  -5.500000E-02   4.371120E-01   1.000000E+00   1.000000E+00   0.000000E+00   9.881992E-01
  -2.050000E-01   5.994130E-01   1.000000E+00   1.000000E+00   0.000000E+00   9.991443E-01
  -5.050000E-01   9.192897E-01   1.000000E+00   1.000000E+00   0.000000E+00   9.939168E-01
  -8.050000E-01   1.234963E+00   1.000000E+00   1.000000E+00   0.000000E+00   9.992097E-01
  -1.405000E+00   1.855839E+00   1.000000E+00   1.000000E+00   0.000000E+00   9.993243E-01
  -2.005000E+00   2.467246E+00   1.000000E+00   1.000000E+00   0.000000E+00   1.000312E+00
  -2.665000E+00   3.130585E+00   1.000000E+00   1.000000E+00   0.000000E+00   9.987589E-01
    519  3.60000000E+03     NSTEP   TIME
 SURFACE NODE =   441  X =   1.0000E+01  Y =   0.0000E+00
              Z  PRESSURE HEAD             SW           CKRW        QTRANIE
   3.350000E-01   4.415292E-03   1.000000E+00   1.000000E+00   0.000000E+00   1.024923E+00
   3.290000E-01   1.120813E-02   1.000000E+00   1.000000E+00   0.000000E+00   9.966105E-01
   3.170000E-01   2.477472E-02   1.000000E+00   1.000000E+00   0.000000E+00   9.943827E-01
   2.990000E-01   4.507990E-02   1.000000E+00   1.000000E+00   0.000000E+00   9.963083E-01
   2.750000E-01   7.207467E-02   1.000000E+00   1.000000E+00   0.000000E+00   9.980504E-01
   2.450000E-01   1.056991E-01   1.000000E+00   1.000000E+00   0.000000E+00   9.885244E-01
   2.150000E-01   1.392034E-01   1.000000E+00   1.000000E+00   0.000000E+00   9.810907E-01
   1.550000E-01   2.058387E-01   1.000000E+00   1.000000E+00   0.000000E+00   9.567629E-01
   9.500000E-02   2.720728E-01   1.000000E+00   1.000000E+00   0.000000E+00   1.017061E+00
  -5.500000E-02   4.358817E-01   1.000000E+00   1.000000E+00   0.000000E+00   9.759787E-01
  -2.050000E-01   5.979203E-01   1.000000E+00   1.000000E+00   0.000000E+00   1.002410E+00
  -5.050000E-01   9.172922E-01   1.000000E+00   1.000000E+00   0.000000E+00   9.879587E-01
  -8.050000E-01   1.232500E+00   1.000000E+00   1.000000E+00   0.000000E+00   9.991288E-01
  -1.405000E+00   1.852614E+00   1.000000E+00   1.000000E+00   0.000000E+00   9.985831E-01
  -2.005000E+00   2.463544E+00   1.000000E+00   1.000000E+00   0.000000E+00   1.000628E+00
  -2.665000E+00   3.126734E+00   1.000000E+00   1.000000E+00   0.000000E+00   9.976384E-01
    519  3.60000000E+03     NSTEP   TIME
 SURFACE NODE =   441  X =   1.0000E+01  Y =   0.0000E+00
              Z  PRESSURE HEAD             SW           CKRW        QTRANIE
   3.350000E-01   4.415292E-03   1.000000E+00   1.000000E+00   0.000000E+00   1.024923E+00
   3.290000E-01   1.120813E-02   1.000000E+00   1.000000E+00   0.000000E+00   9.966105E-01
   3.170000E-01   2.477472E-02   1.000000E+00   1.000000E+00   0.000000E+00   9.943827E-01
   2.990000E-01   4.507990E-02   1.000000E+00   1.000000E+00   0.000000E+00   9.963083E-01
   2.750000E-01   7.207467E-02   1.000000E+00   1.000000E+00   0.000000E+00   9.980504E-01
   2.450000E-01   1.056991E-01   1.000000E+00   1.000000E+00   0.000000E+00   9.885244E-01
   2.150000E-01   1.392034E-01   1.000000E+00   1.000000E+00   0.000000E+00   9.810907E-01
   1.550000E-01   2.058387E-01   1.000000E+00   1.000000E+00   0.000000E+00   9.567629E-01
   9.500000E-02   2.720728E-01   1.000000E+00   1.000000E+00   0.000000E+00   1.017061E+00
  -5.500000E-02   4.358817E-01   1.000000E+00   1.000000E+00   0.000000E+00   9.759787E-01
  -2.050000E-01   5.979203E-01   1.000000E+00   1.000000E+00   0.000000E+00   1.002410E+00
  -5.050000E-01   9.172922E-01   1.000000E+00   1.000000E+00   0.000000E+00   9.879587E-01
  -8.050000E-01   1.232500E+00   1.000000E+00   1.000000E+00   0.000000E+00   9.991288E-01
  -1.405000E+00   1.852614E+00   1.000000E+00   1.000000E+00   0.000000E+00   9.985831E-01
  -2.005000E+00   2.463544E+00   1.000000E+00   1.000000E+00   0.000000E+00   1.000628E+00
  -2.665000E+00   3.126734E+00   1.000000E+00   1.000000E+00   0.000000E+00   9.976384E-01
