#TIME      <--- WTDEPTH(NODVP(I)), I=1,2,...,NUMVP --->
   1.000000E-02   3.350001E-01
   1.500000E-02   3.350001E-01
   2.050000E-02   3.350001E-01
   2.655000E-02   3.350002E-01
   3.260000E-02   3.350003E-01
   3.865000E-02   3.350003E-01
   4.470000E-02   3.350004E-01
   4.772500E-02   3.350004E-01
   5.105250E-02   3.350004E-01
   5.471275E-02   3.350005E-01
   5.837300E-02   3.350005E-01
   6.239928E-02   3.350006E-01
   6.642555E-02   3.350006E-01
   7.045183E-02   3.350007E-01
   7.447810E-02   3.350007E-01
   7.850438E-02   3.350008E-01
   8.253065E-02   3.350009E-01
   8.655692E-02   3.350009E-01
   9.058320E-02   3.350010E-01
   9.460947E-02   3.350010E-01
   9.863575E-02   3.350011E-01
   1.030647E-01   3.350011E-01
   1.074936E-01   3.350012E-01
   1.119225E-01   3.350013E-01
   1.163514E-01   3.350013E-01
   1.207803E-01   3.350014E-01
   1.252092E-01   3.350015E-01
   1.296381E-01   3.350015E-01
   1.340670E-01   3.350016E-01
   1.384959E-01   3.350017E-01
   1.429248E-01   3.350017E-01
   1.473537E-01   3.350018E-01
   1.517826E-01   3.350019E-01
   1.562115E-01   3.350019E-01
   1.606404E-01   3.350020E-01
   1.655122E-01   3.350021E-01
   1.703840E-01   3.350022E-01
   1.752558E-01   3.350023E-01
   1.801276E-01   3.350023E-01
   1.854865E-01   3.350024E-01
   1.908455E-01   3.350025E-01
   1.967404E-01   3.350026E-01
   2.026352E-01   3.350027E-01
   2.085301E-01   3.350028E-01
   2.144250E-01   3.350029E-01
   2.203198E-01   3.350030E-01
   2.262147E-01   3.350031E-01
   2.321096E-01   3.350032E-01
   2.380045E-01   3.350033E-01
   2.438993E-01   3.350034E-01
   2.497942E-01   3.350035E-01
   2.556891E-01   3.350036E-01
   2.621734E-01   3.350037E-01
   2.686578E-01   3.350039E-01
   2.751421E-01   3.350040E-01
   2.822749E-01   3.350041E-01
   2.894077E-01   3.350042E-01
   2.965405E-01   3.350044E-01
   3.043866E-01   3.350045E-01
   3.122326E-01   3.350046E-01
   3.200787E-01   3.350048E-01
   3.287094E-01   3.350050E-01
   3.373401E-01   3.350051E-01
   3.468338E-01   3.350053E-01
   3.563276E-01   3.350055E-01
   3.658213E-01   3.350056E-01
   3.753151E-01   3.350058E-01
   3.857582E-01   3.350060E-01
   3.962013E-01   3.350062E-01
   4.076887E-01   3.350064E-01
   4.203249E-01   3.350067E-01
   4.342247E-01   3.350070E-01
   4.481245E-01   3.350072E-01
   4.634143E-01   3.350075E-01
   4.802330E-01   3.350079E-01
   4.987336E-01   3.350083E-01
   5.172343E-01   3.350086E-01
   5.375850E-01   3.350090E-01
   5.599707E-01   3.350095E-01
   5.823565E-01   3.350099E-01
   6.047422E-01   3.350103E-01
   6.293666E-01   3.350108E-01
   6.539909E-01   3.350112E-01
   6.810776E-01   3.350118E-01
   7.108731E-01   3.350124E-01
   7.406685E-01   3.350130E-01
   7.734435E-01   3.350136E-01
   8.094960E-01   3.350144E-01
   8.491537E-01   3.350152E-01
   8.927772E-01   3.350161E-01
   9.407631E-01   3.350171E-01
   9.935475E-01   3.350182E-01
   1.046332E+00   3.350192E-01
   1.104395E+00   3.350204E-01
   1.162458E+00   3.350214E-01
   1.226327E+00   3.350227E-01
   1.290196E+00   3.350239E-01
   1.360452E+00   3.350254E-01
   1.437734E+00   3.350270E-01
   1.515016E+00   3.350284E-01
   1.600025E+00   3.350301E-01
   1.685035E+00   3.350317E-01
   1.778546E+00   3.350336E-01
   1.872057E+00   3.350354E-01
   1.974919E+00   3.350375E-01
   2.088067E+00   3.350398E-01
   2.212530E+00   3.350424E-01
   2.349439E+00   3.350452E-01
   2.486349E+00   3.350477E-01
   2.636949E+00   3.350509E-01
   2.802609E+00   3.350543E-01
   2.984835E+00   3.350581E-01
   3.167061E+00   3.350614E-01
   3.367510E+00   3.350655E-01
   3.567959E+00   3.350692E-01
   3.788453E+00   3.350738E-01
   4.030996E+00   3.350788E-01
   4.273539E+00   3.350832E-01
   4.540336E+00   3.350888E-01
   4.833813E+00   3.350948E-01
   5.127291E+00   3.351002E-01
   5.450115E+00   3.351069E-01
   5.772940E+00   3.351128E-01
   6.128048E+00   3.351201E-01
   6.483155E+00   3.351266E-01
   6.873773E+00   3.351347E-01
   7.303453E+00   3.351436E-01
   7.733133E+00   3.351515E-01
   8.205781E+00   3.351612E-01
   8.725693E+00   3.351720E-01
   9.297597E+00   3.351838E-01
   9.869501E+00   3.351943E-01
   1.049860E+01   3.352073E-01
   1.119060E+01   3.352216E-01
   1.195180E+01   3.352373E-01
   1.278913E+01   3.352546E-01
   1.371018E+01   3.352736E-01
   1.472335E+01   3.352945E-01
   1.573651E+01   3.353131E-01
   1.685099E+01   3.353361E-01
   1.807692E+01   3.353614E-01
   1.942544E+01   3.353892E-01
   2.077395E+01   3.354138E-01
   2.225733E+01   3.354444E-01
   2.374070E+01   3.354715E-01
   2.522407E+01   3.354986E-01
   2.685578E+01   3.355323E-01
   2.865066E+01   3.355692E-01
   3.044554E+01   3.356020E-01
   3.241990E+01   3.356426E-01
   3.459171E+01   3.356874E-01
   3.698069E+01   3.357365E-01
   3.960858E+01   3.357905E-01
   4.249925E+01   3.358498E-01
   4.567899E+01   3.359150E-01
   4.917670E+01   3.359866E-01
   5.267441E+01   3.360498E-01
   5.617212E+01   3.361128E-01
   6.001961E+01   3.361909E-01
   6.425184E+01   3.362766E-01
   6.848407E+01   3.363519E-01
   7.271630E+01   3.364268E-01
   7.737176E+01   3.365196E-01
   8.249276E+01   3.366208E-01
   8.761376E+01   3.367091E-01
   9.324686E+01   3.368183E-01
   9.944327E+01   3.369367E-01
   1.062593E+02   3.370642E-01
   1.137570E+02   3.372000E-01
   1.220044E+02   3.373442E-01
   1.302518E+02   3.374648E-01
   1.393240E+02   3.376134E-01
   1.483962E+02   3.377348E-01
   1.583755E+02   3.378846E-01
   1.683549E+02   3.380030E-01
   1.783549E+02   3.381146E-01
   1.883549E+02   3.382184E-01
   1.983549E+02   3.383154E-01
   2.083549E+02   3.384061E-01
   2.183549E+02   3.384911E-01
   2.283549E+02   3.385710E-01
   2.383549E+02   3.386462E-01
   2.483549E+02   3.387170E-01
   2.583549E+02   3.387839E-01
   2.683549E+02   3.388470E-01
   2.783549E+02   3.389067E-01
   2.883549E+02   3.389631E-01
   2.983549E+02   3.390164E-01
   3.083549E+02   3.390670E-01
   3.183549E+02   3.391151E-01
   3.283549E+02   3.391607E-01
   3.383549E+02   3.392036E-01
   3.483549E+02   3.392443E-01
   3.583549E+02   3.392828E-01
   3.683549E+02   3.393194E-01
   3.783549E+02   3.393543E-01
   3.883549E+02   3.393875E-01
   3.983549E+02   3.394191E-01
   4.083549E+02   3.394493E-01
   4.183549E+02   3.394782E-01
   4.283549E+02   3.395058E-01
   4.383549E+02   3.395321E-01
   4.483549E+02   3.395574E-01
   4.583549E+02   3.395815E-01
   4.683549E+02   3.396046E-01
   4.783549E+02   3.396266E-01
   4.883549E+02   3.396478E-01
   4.983549E+02   3.396680E-01
   5.083549E+02   3.396874E-01
   5.183549E+02   3.397059E-01
   5.283549E+02   3.397237E-01
   5.383549E+02   3.397407E-01
   5.483549E+02   3.397569E-01
   5.583549E+02   3.397725E-01
   5.683549E+02   3.397874E-01
   5.783549E+02   3.398016E-01
   5.883549E+02   3.398152E-01
   5.983549E+02   3.398282E-01
   6.083549E+02   3.398407E-01
   6.183549E+02   3.398526E-01
   6.283549E+02   3.398640E-01
   6.383549E+02   3.398748E-01
   6.483549E+02   3.398852E-01
   6.583549E+02   3.398952E-01
   6.683549E+02   3.399047E-01
   6.783549E+02   3.399138E-01
   6.883549E+02   3.399224E-01
   6.983549E+02   3.399307E-01
   7.083549E+02   3.399386E-01
   7.183549E+02   3.399461E-01
   7.283549E+02   3.399533E-01
   7.383549E+02   3.399602E-01
   7.483549E+02   3.399667E-01
   7.583549E+02   3.399730E-01
   7.683549E+02   3.399789E-01
   7.783549E+02   3.399845E-01
   7.883549E+02   3.399898E-01
   7.983549E+02   3.399949E-01
   8.083549E+02   3.399998E-01
   8.183549E+02   3.400043E-01
   8.283549E+02   3.400087E-01
   8.383549E+02   3.400128E-01
   8.483549E+02   3.400167E-01
   8.583549E+02   3.400203E-01
   8.683549E+02   3.400238E-01
   8.783549E+02   3.400270E-01
   8.883549E+02   3.400300E-01
   8.983549E+02   3.400329E-01
   9.083549E+02   3.400356E-01
   9.183549E+02   3.400381E-01
   9.283549E+02   3.400405E-01
   9.383549E+02   3.400427E-01
   9.483549E+02   3.400447E-01
   9.583549E+02   3.400466E-01
   9.683549E+02   3.400483E-01
   9.783549E+02   3.400499E-01
   9.883549E+02   3.400513E-01
   9.983549E+02   3.400526E-01
   1.008355E+03   3.400537E-01
   1.018355E+03   3.400548E-01
   1.028355E+03   3.400557E-01
   1.038355E+03   3.400565E-01
   1.048355E+03   3.400571E-01
   1.058355E+03   3.400577E-01
   1.068355E+03   3.400581E-01
   1.078355E+03   3.400584E-01
   1.088355E+03   3.400586E-01
   1.098355E+03   3.400587E-01
   1.108355E+03   3.400587E-01
   1.118355E+03   3.400586E-01
   1.128355E+03   3.400584E-01
   1.138355E+03   3.400581E-01
   1.148355E+03   3.400578E-01
   1.158355E+03   3.400573E-01
   1.168355E+03   3.400567E-01
   1.178355E+03   3.400560E-01
   1.188355E+03   3.400553E-01
   1.198355E+03   3.400545E-01
   1.208355E+03   3.400536E-01
   1.218355E+03   3.400526E-01
   1.228355E+03   3.400516E-01
   1.238355E+03   3.400506E-01
   1.248355E+03   3.400495E-01
   1.258355E+03   3.400484E-01
   1.268355E+03   3.400472E-01
   1.278355E+03   3.400459E-01
   1.288355E+03   3.400446E-01
   1.298355E+03   3.400432E-01
   1.308355E+03   3.400418E-01
   1.318355E+03   3.400404E-01
   1.328355E+03   3.400389E-01
   1.338355E+03   3.400374E-01
   1.348355E+03   3.400358E-01
   1.358355E+03   3.400342E-01
   1.368355E+03   3.400326E-01
   1.378355E+03   3.400310E-01
   1.388355E+03   3.400293E-01
   1.398355E+03   3.400276E-01
   1.408355E+03   3.400259E-01
   1.418355E+03   3.400241E-01
   1.428355E+03   3.400224E-01
   1.438355E+03   3.400205E-01
   1.448355E+03   3.400187E-01
   1.458355E+03   3.400169E-01
   1.468355E+03   3.400150E-01
   1.478355E+03   3.400131E-01
   1.488355E+03   3.400111E-01
   1.498355E+03   3.400092E-01
   1.508355E+03   3.400072E-01
   1.518355E+03   3.400052E-01
   1.528355E+03   3.400032E-01
   1.538355E+03   3.400012E-01
   1.548355E+03   3.399991E-01
   1.558355E+03   3.399970E-01
   1.568355E+03   3.399949E-01
   1.578355E+03   3.399928E-01
   1.588355E+03   3.399906E-01
   1.598355E+03   3.399885E-01
   1.608355E+03   3.399863E-01
   1.618355E+03   3.399840E-01
   1.628355E+03   3.399818E-01
   1.638355E+03   3.399796E-01
   1.648355E+03   3.399773E-01
   1.658355E+03   3.399751E-01
   1.668355E+03   3.399728E-01
   1.678355E+03   3.399705E-01
   1.688355E+03   3.399682E-01
   1.698355E+03   3.399659E-01
   1.708355E+03   3.399636E-01
   1.718355E+03   3.399613E-01
   1.728355E+03   3.399590E-01
   1.738355E+03   3.399567E-01
   1.748355E+03   3.399543E-01
   1.758355E+03   3.399520E-01
   1.768355E+03   3.399496E-01
   1.778355E+03   3.399472E-01
   1.788355E+03   3.399448E-01
   1.798355E+03   3.399424E-01
   1.808355E+03   3.399399E-01
   1.818355E+03   3.399375E-01
   1.828355E+03   3.399350E-01
   1.838355E+03   3.399326E-01
   1.848355E+03   3.399301E-01
   1.858355E+03   3.399276E-01
   1.868355E+03   3.399251E-01
   1.878355E+03   3.399226E-01
   1.888355E+03   3.399200E-01
   1.898355E+03   3.399175E-01
   1.908355E+03   3.399150E-01
   1.918355E+03   3.399124E-01
   1.928355E+03   3.399099E-01
   1.938355E+03   3.399073E-01
   1.948355E+03   3.399047E-01
   1.958355E+03   3.399022E-01
   1.968355E+03   3.398996E-01
   1.978355E+03   3.398970E-01
   1.988355E+03   3.398945E-01
   1.998355E+03   3.398919E-01
   2.008355E+03   3.398893E-01
   2.018355E+03   3.398868E-01
   2.028355E+03   3.398842E-01
   2.038355E+03   3.398817E-01
   2.048355E+03   3.398791E-01
   2.058355E+03   3.398766E-01
   2.068355E+03   3.398740E-01
   2.078355E+03   3.398715E-01
   2.088355E+03   3.398690E-01
   2.098355E+03   3.398664E-01
   2.108355E+03   3.398639E-01
   2.118355E+03   3.398613E-01
   2.128355E+03   3.398588E-01
   2.138355E+03   3.398562E-01
   2.148355E+03   3.398537E-01
   2.158355E+03   3.398512E-01
   2.168355E+03   3.398486E-01
   2.178355E+03   3.398461E-01
   2.188355E+03   3.398436E-01
   2.198355E+03   3.398411E-01
   2.208355E+03   3.398386E-01
   2.218355E+03   3.398362E-01
   2.228355E+03   3.398337E-01
   2.238355E+03   3.398312E-01
   2.248355E+03   3.398288E-01
   2.258355E+03   3.398263E-01
   2.268355E+03   3.398239E-01
   2.278355E+03   3.398215E-01
   2.288355E+03   3.398191E-01
   2.298355E+03   3.398166E-01
   2.308355E+03   3.398142E-01
   2.318355E+03   3.398118E-01
   2.328355E+03   3.398094E-01
   2.338355E+03   3.398069E-01
   2.348355E+03   3.398045E-01
   2.358355E+03   3.398021E-01
   2.368355E+03   3.397997E-01
   2.378355E+03   3.397973E-01
   2.388355E+03   3.397949E-01
   2.398355E+03   3.397925E-01
   2.408355E+03   3.397901E-01
   2.418355E+03   3.397877E-01
   2.428355E+03   3.397853E-01
   2.438355E+03   3.397829E-01
   2.448355E+03   3.397805E-01
   2.458355E+03   3.397781E-01
   2.468355E+03   3.397757E-01
   2.478355E+03   3.397733E-01
   2.488355E+03   3.397709E-01
   2.498355E+03   3.397685E-01
   2.508355E+03   3.397660E-01
   2.518355E+03   3.397636E-01
   2.528355E+03   3.397612E-01
   2.538355E+03   3.397588E-01
   2.548355E+03   3.397564E-01
   2.558355E+03   3.397540E-01
   2.568355E+03   3.397516E-01
   2.578355E+03   3.397492E-01
   2.588355E+03   3.397468E-01
   2.598355E+03   3.397443E-01
   2.608355E+03   3.397419E-01
   2.618355E+03   3.397394E-01
   2.628355E+03   3.397370E-01
   2.638355E+03   3.397346E-01
   2.648355E+03   3.397322E-01
   2.658355E+03   3.397297E-01
   2.668355E+03   3.397273E-01
   2.678355E+03   3.397249E-01
   2.688355E+03   3.397224E-01
   2.698355E+03   3.397200E-01
   2.708355E+03   3.397176E-01
   2.718355E+03   3.397151E-01
   2.728355E+03   3.397127E-01
   2.738355E+03   3.397103E-01
   2.748355E+03   3.397078E-01
   2.758355E+03   3.397054E-01
   2.768355E+03   3.397029E-01
   2.778355E+03   3.397005E-01
   2.788355E+03   3.396981E-01
   2.798355E+03   3.396956E-01
   2.808355E+03   3.396932E-01
   2.818355E+03   3.396908E-01
   2.828355E+03   3.396883E-01
   2.838355E+03   3.396859E-01
   2.848355E+03   3.396835E-01
   2.858355E+03   3.396811E-01
   2.868355E+03   3.396786E-01
   2.878355E+03   3.396762E-01
   2.888355E+03   3.396739E-01
   2.898355E+03   3.396715E-01
   2.908355E+03   3.396691E-01
   2.918355E+03   3.396667E-01
   2.928355E+03   3.396644E-01
   2.938355E+03   3.396621E-01
   2.948355E+03   3.396597E-01
   2.958355E+03   3.396574E-01
   2.968355E+03   3.396551E-01
   2.978355E+03   3.396528E-01
   2.988355E+03   3.396505E-01
   2.998355E+03   3.396483E-01
   3.008355E+03   3.396460E-01
   3.018355E+03   3.396437E-01
   3.028355E+03   3.396414E-01
   3.038355E+03   3.396392E-01
   3.048355E+03   3.396369E-01
   3.058355E+03   3.396346E-01
   3.068355E+03   3.396324E-01
   3.078355E+03   3.396301E-01
   3.088355E+03   3.396279E-01
   3.098355E+03   3.396257E-01
   3.108355E+03   3.396234E-01
   3.118355E+03   3.396212E-01
   3.128355E+03   3.396190E-01
   3.138355E+03   3.396168E-01
   3.148355E+03   3.396146E-01
   3.158355E+03   3.396124E-01
   3.168355E+03   3.396102E-01
   3.178355E+03   3.396080E-01
   3.188355E+03   3.396059E-01
   3.198355E+03   3.396037E-01
   3.208355E+03   3.396016E-01
   3.218355E+03   3.395994E-01
   3.228355E+03   3.395973E-01
   3.238355E+03   3.395952E-01
   3.248355E+03   3.395930E-01
   3.258355E+03   3.395909E-01
   3.268355E+03   3.395888E-01
   3.278355E+03   3.395867E-01
   3.288355E+03   3.395846E-01
   3.298355E+03   3.395824E-01
   3.308355E+03   3.395803E-01
   3.318355E+03   3.395782E-01
   3.328355E+03   3.395761E-01
   3.338355E+03   3.395740E-01
   3.348355E+03   3.395719E-01
   3.358355E+03   3.395698E-01
   3.368355E+03   3.395677E-01
   3.378355E+03   3.395656E-01
   3.388355E+03   3.395635E-01
   3.398355E+03   3.395615E-01
   3.408355E+03   3.395594E-01
   3.418355E+03   3.395573E-01
   3.428355E+03   3.395552E-01
   3.438355E+03   3.395532E-01
   3.448355E+03   3.395511E-01
   3.458355E+03   3.395490E-01
   3.468355E+03   3.395470E-01
   3.478355E+03   3.395449E-01
   3.488355E+03   3.395428E-01
   3.498355E+03   3.395408E-01
   3.508355E+03   3.395387E-01
   3.518355E+03   3.395367E-01
   3.528355E+03   3.395346E-01
   3.538355E+03   3.395326E-01
   3.548355E+03   3.395306E-01
   3.558355E+03   3.395285E-01
   3.568355E+03   3.395265E-01
   3.578355E+03   3.395245E-01
   3.588355E+03   3.395224E-01
   3.594177E+03   3.394164E-01
   3.600000E+03   3.394153E-01
